# number of customers + 1 (depot stored as last "customer") [int nC]
21
# customer IDs (depot gets ID -1) [int* customerIDs]
102560299 102555533 102558438 102553497 102554950 102562872 102566894 102563140 102572856 102572386 102554583 102554934 102558044 102555596 102572768 102562253 102572940 102572890 102568919 102553021 -1 
# time window lists for each real customer (number of elements followed by elements' contents (day,start_t,end_t,weight)) [modelWindow** timeWindows]
4 4 36000 46800 0.45 3 43200 50400 0.55 0 46800 50400 0.98 5 46800 50400 0.98 
4 2 46800 50400 0.53 7 46800 50400 0.53 1 43200 46800 0.44 6 43200 46800 0.44 
4 1 46800 50400 0.91 6 46800 50400 0.91 0 50400 57600 0.49 5 50400 57600 0.49 
4 0 39600 50400 0.87 5 39600 50400 0.87 4 39600 50400 0.58 9 39600 50400 0.58 
4 9 43200 46800 0.81 0 46800 57600 0.56 3 36000 46800 0.96 8 36000 46800 0.96 
4 8 39600 46800 0.66 6 46800 54000 0.46 4 54000 61200 0.45 9 54000 61200 0.45 
4 7 32400 39600 0.46 4 36000 39600 0.79 3 36000 39600 0.51 8 36000 39600 0.51 
4 4 36000 39600 0.87 9 36000 39600 0.87 0 54000 57600 0.88 5 54000 57600 0.88 
4 2 54000 61200 0.67 7 54000 61200 0.67 3 50400 61200 0.67 6 39600 43200 0.71 
4 4 54000 61200 0.59 9 54000 61200 0.59 0 54000 57600 0.76 5 54000 57600 0.76 
4 6 32400 43200 0.45 0 54000 57600 0.64 2 36000 39600 0.49 7 36000 39600 0.49 
4 3 32400 36000 0.51 7 36000 43200 0.69 1 43200 54000 0.72 6 43200 54000 0.72 
4 5 50400 61200 0.48 2 43200 46800 0.81 3 46800 50400 0.54 8 46800 50400 0.54 
4 1 36000 46800 0.76 8 32400 43200 0.57 0 46800 50400 0.77 5 46800 50400 0.77 
4 3 32400 43200 0.88 4 32400 36000 0.46 2 39600 50400 0.60 7 39600 50400 0.60 
4 0 50400 61200 0.93 5 50400 61200 0.93 3 50400 54000 0.45 8 50400 54000 0.45 
4 3 54000 61200 0.69 8 54000 61200 0.69 4 43200 54000 0.90 9 43200 54000 0.90 
4 4 32400 36000 0.65 3 39600 43200 0.83 2 54000 61200 0.86 7 54000 61200 0.86 
4 8 43200 46800 0.86 5 43200 54000 0.48 4 46800 57600 0.41 9 46800 57600 0.41 
4 2 39600 43200 0.57 9 50400 61200 0.94 1 54000 61200 0.54 6 54000 61200 0.54 
# objective function coefficients [SCIP_Real* obj]
512.386333 149.171476 585.023000 594.949333 550.421000 594.487000 591.397000 154.854000 1045.081000 1037.325000 366.542333 1019.633000 1066.802333 294.125000 204.887476 1013.391000 250.032000 1045.675000 217.615333 556.398000 0.000000 
# shift start time [int shift_start]
21600
# shift end time [int shift_end]
79200
# service times at customers (depot has service time 0.0) [int* t_service]
300 120 180 180 120 180 120 180 180 300 120 180 120 180 240 120 60 180 120 300 0 
# max. deviation of service times at customers (depot again 0.0) [int* t_service_maxDev]
420 240 480 480 120 420 300 60 180 180 180 300 300 240 420 120 240 420 300 240 0 
# morning/AM travel time matrix between customers (incl. depot as last customer) [int** t_travelAM]
0 610 729 315 306 1065 1222 892 1191 1215 292 308 1141 169 1237 1779 1233 1190 1129 310 3142 
364 0 918 297 197 1125 1282 952 1251 1275 238 194 1330 253 1297 1968 1293 1250 1189 499 3202 
731 1256 0 630 773 1711 1868 1539 1837 1862 693 771 520 753 1883 1159 1879 1836 1775 538 3789 
300 771 620 0 142 1226 1383 1053 1352 1376 62 140 1032 210 1397 1670 1393 1351 1290 201 3303 
322 751 772 151 0 1206 1363 1033 1332 1356 113 2 1184 191 1378 1822 1373 1331 1270 352 3283 
1059 1140 1705 1230 1187 0 543 398 503 502 1171 1189 2114 1041 552 1626 509 498 399 1286 2693 
1200 1280 1845 1371 1327 529 0 635 142 514 1312 1330 1839 1181 142 1350 192 150 222 1426 2347 
859 940 1505 1030 987 364 613 0 538 515 971 989 1917 841 599 1753 542 530 456 1085 2819 
1174 1254 1820 1345 1302 493 141 570 0 371 1286 1304 1912 1155 61 1423 50 7 126 1400 2374 
1198 1278 1843 1369 1325 484 483 536 342 0 1310 1328 2247 1179 403 1758 354 334 358 1424 2716 
279 708 679 59 114 1163 1320 990 1289 1313 0 116 1091 148 1335 1729 1330 1288 1227 260 3240 
324 753 769 149 2 1208 1365 1035 1334 1358 115 0 1181 193 1380 1819 1376 1333 1272 350 3285 
1009 1533 494 908 1051 1989 1821 1816 1912 2139 971 1048 0 1030 1925 638 1953 1911 1927 815 3804 
154 564 754 211 166 1019 1176 846 1145 1170 152 168 1166 0 1191 1804 1187 1144 1083 335 3096 
1203 1283 1848 1374 1330 522 145 623 67 439 1315 1333 1943 1184 0 1454 117 75 169 1429 2373 
1307 1832 793 1206 1349 1587 1365 1754 1456 1756 1269 1347 659 1329 1469 0 1498 1455 1472 1114 3349 
1218 1298 1864 1389 1346 529 192 581 50 370 1330 1348 1956 1199 112 1467 0 43 147 1444 2425 
1174 1255 1820 1346 1302 494 148 562 7 364 1286 1304 1912 1156 69 1424 42 0 126 1401 2382 
1112 1192 1758 1283 1240 422 219 474 121 368 1224 1242 1947 1094 170 1458 156 120 0 1338 2483 
308 832 528 207 350 1288 1445 1115 1414 1438 270 347 940 329 1459 1578 1455 1413 1351 0 3365 
3127 3208 3773 3299 3255 2678 2389 2844 2423 2572 3239 3258 3849 3109 2422 3361 2390 2430 2525 3354 0 
# noon travel time matrix between customers (incl. depot as last customer) [int** t_travelNoon]
0 598 729 313 306 1051 1207 878 1173 1197 282 308 1141 166 1209 1779 1216 1173 1111 307 3111 
361 0 918 295 199 1104 1260 931 1226 1249 235 197 1330 249 1261 1968 1269 1226 1163 496 3164 
728 1240 0 627 773 1693 1849 1520 1815 1839 688 771 520 750 1851 1157 1858 1815 1753 536 3753 
300 763 622 0 146 1216 1372 1043 1338 1361 61 143 1034 211 1373 1672 1380 1338 1275 200 3275 
338 759 776 154 0 1212 1368 1040 1334 1358 118 2 1188 208 1370 1826 1377 1334 1272 355 3272 
1046 1122 1694 1217 1177 0 549 389 503 492 1156 1179 2067 1031 550 1594 506 495 401 1272 2675 
1197 1272 1845 1368 1328 528 0 639 145 519 1307 1330 1800 1182 145 1328 197 154 224 1423 2332 
852 927 1499 1022 982 361 611 0 539 506 961 985 1912 836 603 1715 542 531 450 1078 2796 
1166 1241 1814 1337 1297 488 147 562 0 373 1276 1299 1873 1151 64 1401 51 8 126 1392 2361 
1185 1260 1833 1356 1316 479 494 528 346 0 1295 1318 2207 1170 410 1735 357 338 359 1411 2708 
281 701 683 60 117 1155 1310 982 1277 1300 0 119 1095 150 1312 1732 1319 1277 1214 261 3214 
341 762 774 151 2 1215 1371 1042 1337 1360 120 0 1186 210 1372 1823 1379 1337 1274 352 3274 
1003 1515 491 902 1048 1969 1815 1796 1905 2114 963 1046 0 1025 1919 637 1947 1905 1919 811 3785 
154 558 755 206 169 1011 1167 838 1133 1156 145 171 1168 0 1168 1805 1176 1133 1070 334 3071 
1195 1271 1843 1366 1326 517 150 622 69 442 1305 1329 1906 1180 0 1433 120 77 171 1422 2358 
1290 1802 778 1189 1335 1567 1357 1736 1447 1737 1250 1333 644 1312 1461 0 1489 1447 1461 1098 3327 
1213 1288 1860 1383 1344 525 201 574 53 378 1323 1346 1920 1198 118 1448 0 46 144 1439 2415 
1167 1242 1814 1337 1297 488 155 553 7 365 1276 1300 1874 1151 72 1401 42 0 124 1393 2369 
1103 1178 1751 1274 1234 420 221 469 121 363 1213 1236 1904 1088 176 1432 151 121 0 1329 2473 
305 817 529 204 351 1271 1426 1098 1393 1416 266 348 941 327 1428 1579 1435 1393 1330 0 3330 
3107 3183 3755 3278 3238 2653 2374 2821 2408 2565 3217 3241 3792 3092 2406 3320 2375 2417 2511 3334 0 
# afternoon/PM travel time matrix between customers (incl. depot as last customer) [int** t_travelPM]
0 602 737 317 305 1052 1218 879 1179 1197 284 307 1155 168 1220 1795 1223 1180 1117 313 3124 
364 0 918 292 199 1104 1269 930 1231 1248 232 197 1337 251 1271 1976 1274 1231 1168 495 3175 
728 1245 0 629 786 1694 1860 1521 1822 1839 690 784 525 751 1862 1165 1865 1822 1759 538 3766 
299 764 626 0 157 1214 1380 1041 1341 1359 60 155 1044 210 1382 1684 1385 1342 1279 203 3286 
338 761 790 163 0 1211 1376 1037 1338 1355 117 2 1208 206 1378 1848 1381 1338 1275 367 3282 
1050 1126 1705 1217 1180 0 554 388 502 491 1157 1183 2065 1035 556 1594 505 495 402 1282 2684 
1203 1279 1857 1370 1333 530 0 644 143 526 1309 1335 1800 1187 143 1330 195 152 222 1434 2342 
857 933 1511 1024 987 362 616 0 537 507 963 989 1929 841 602 1714 540 529 450 1088 2804 
1171 1247 1825 1338 1301 488 145 563 0 382 1278 1303 1871 1155 64 1401 51 8 125 1402 2371 
1192 1268 1846 1359 1322 481 500 529 354 0 1298 1324 2210 1176 419 1739 365 347 360 1423 2725 
281 703 686 60 115 1153 1319 980 1280 1298 0 118 1104 149 1321 1744 1324 1281 1218 263 3225 
340 763 787 161 2 1213 1378 1039 1340 1358 119 0 1206 209 1381 1845 1383 1340 1277 364 3284 
1001 1517 491 901 1059 1967 1820 1793 1908 2112 962 1057 0 1024 1922 639 1951 1908 1922 810 3794 
155 563 762 206 166 1013 1178 839 1140 1158 146 168 1180 0 1181 1820 1183 1140 1078 339 3085 
1205 1281 1859 1372 1335 522 147 623 68 451 1312 1338 1906 1190 0 1436 120 77 171 1436 2367 
1286 1803 777 1187 1344 1566 1361 1736 1448 1736 1248 1342 643 1309 1463 0 1492 1449 1463 1096 3335 
1219 1295 1873 1386 1349 528 200 576 55 384 1326 1351 1919 1203 119 1449 0 47 147 1450 2426 
1171 1248 1826 1339 1302 489 153 554 7 373 1278 1304 1872 1156 72 1401 43 0 125 1403 2378 
1109 1185 1764 1276 1239 421 221 469 121 365 1216 1242 1905 1094 176 1434 149 121 0 1340 2482 
304 821 532 205 363 1271 1436 1097 1398 1416 266 360 950 328 1438 1590 1441 1398 1335 0 3342 
3120 3196 3774 3287 3250 2662 2384 2832 2418 2576 3227 3253 3800 3105 2416 3329 2388 2427 2521 3351 0 
# average travel time matrix between customers (incl. depot as last customer) [int** t_travel]
0 604 732 315 306 1056 1216 883 1181 1203 286 308 1146 168 1222 1785 1224 1181 1119 310 3126 
363 0 918 295 199 1111 1271 938 1236 1258 235 196 1333 251 1277 1971 1279 1236 1174 497 3181 
729 1247 0 629 778 1700 1859 1527 1825 1847 691 776 522 752 1866 1161 1868 1825 1763 538 3770 
300 766 623 0 149 1219 1379 1046 1344 1366 61 146 1037 211 1384 1676 1386 1344 1282 202 3288 
333 757 780 156 0 1210 1369 1037 1335 1357 116 2 1194 202 1376 1832 1377 1335 1273 358 3279 
1052 1130 1702 1222 1182 0 549 392 503 495 1162 1184 2082 1036 553 1605 507 496 401 1280 2684 
1200 1277 1849 1370 1330 529 0 640 144 520 1310 1332 1813 1184 144 1336 195 152 223 1428 2341 
856 934 1505 1026 986 363 614 0 538 510 965 988 1920 840 602 1728 542 530 452 1084 2807 
1171 1248 1820 1340 1300 490 145 565 0 376 1280 1302 1886 1154 63 1409 51 8 126 1398 2369 
1192 1269 1841 1362 1321 482 493 531 348 0 1301 1324 2222 1175 411 1744 359 340 359 1420 2717 
281 704 683 60 116 1157 1317 984 1282 1304 0 118 1097 149 1323 1735 1325 1282 1220 262 3227 
335 760 777 154 2 1212 1372 1039 1337 1359 118 0 1191 204 1378 1829 1380 1337 1275 356 3281 
1005 1522 492 904 1053 1975 1819 1802 1909 2122 966 1051 0 1027 1922 638 1951 1908 1923 812 3795 
155 562 757 208 167 1015 1174 841 1140 1162 148 169 1172 0 1180 1810 1182 1139 1077 336 3084 
1201 1279 1850 1371 1331 521 148 623 68 444 1311 1334 1919 1185 0 1441 119 77 171 1429 2366 
1295 1813 783 1194 1343 1574 1361 1742 1451 1743 1256 1341 649 1317 1465 0 1493 1451 1466 1103 3337 
1217 1294 1866 1386 1347 528 198 577 53 378 1327 1349 1932 1200 117 1455 0 46 146 1445 2422 
1171 1249 1820 1341 1301 491 152 557 7 368 1280 1303 1886 1155 71 1409 43 0 125 1399 2377 
1108 1185 1758 1278 1238 421 221 471 121 366 1218 1240 1919 1092 174 1442 152 121 0 1336 2480 
306 824 530 206 355 1277 1436 1104 1402 1424 268 352 944 328 1442 1583 1444 1402 1339 0 3346 
3118 3196 3768 3288 3248 2665 2383 2833 2417 2571 3228 3251 3814 3102 2415 3337 2385 2425 2519 3347 0 
# max. deviation of (average) travel time matrix between customers (incl. depot as last customer) [int** t_travel_maxDev]
0 6 5 2 0 9 6 9 10 12 6 0 9 1 15 10 9 9 10 3 16 
1 0 0 2 0 14 11 14 15 17 3 1 4 2 20 5 14 14 15 2 21 
2 9 0 1 8 11 9 12 12 15 2 8 3 1 17 4 11 11 12 0 19 
0 5 3 0 8 7 4 7 8 10 1 9 7 0 13 8 7 7 8 1 15 
5 4 10 7 0 2 7 3 3 1 2 0 14 6 2 16 4 3 2 9 4 
7 10 3 8 5 0 5 6 0 7 9 5 32 5 3 21 2 2 1 6 9 
3 3 8 1 3 1 0 4 1 6 2 3 26 3 1 14 2 2 1 6 6 
3 6 6 4 1 1 2 0 1 5 6 1 9 1 1 25 0 1 4 4 12 
3 6 5 5 2 3 2 5 0 6 6 2 26 1 1 14 0 0 0 4 5 
6 9 5 7 4 2 7 5 6 0 9 4 25 4 8 14 6 7 1 4 8 
0 4 3 0 1 6 3 6 7 9 0 1 7 1 12 9 5 6 7 1 13 
6 3 10 7 0 3 6 3 3 1 2 0 15 6 3 16 3 3 2 8 4 
4 11 2 4 6 14 2 14 3 17 5 6 0 3 3 1 2 3 4 3 9 
0 2 5 3 2 4 4 5 5 8 4 2 8 0 11 10 5 5 6 3 12 
4 4 9 3 4 1 2 0 1 7 4 4 24 5 0 13 1 0 0 7 7 
12 19 10 12 6 13 4 12 5 13 13 6 10 12 4 0 5 4 6 11 12 
2 4 7 3 2 1 3 4 2 6 3 2 24 3 2 12 0 1 1 5 4 
3 6 6 5 1 3 3 5 0 5 6 1 26 1 1 15 0 0 1 4 5 
4 7 6 5 2 1 0 3 0 2 6 2 28 2 2 16 4 0 0 4 3 
2 8 2 1 8 11 9 11 12 14 2 8 6 1 17 7 11 11 12 0 19 
9 12 6 11 7 13 6 11 6 5 11 7 35 7 7 24 5 5 6 7 0 
# indicator whether saturdays count as workdays (stored as 1 or 0 for "TRUE" or "FALSE", resp.) [SCIP_Bool workOnSaturdays]
0
# start date of planning period (stored as 4 integers: day, month, year, weekday) [date* startDate]
9 11 2020 0
# end date of planning period (stored as 4 integers: day, month, year, weekday) [date* endDate]
27 11 2020 4
# maximal number of delay events considered (in robust optimization) [int maxDelayEvents]
10
# number of workdays in planning period [int nDays]
10
# day properties (stored as 6 integers: index, shift_start, shift_end, break_start, break_end, break_length) [dayProperty* days]
0 21600 79200 39600 54000 1800
1 21600 79200 39600 54000 1800
2 21600 79200 39600 54000 1800
3 21600 79200 39600 54000 1800
4 21600 79200 39600 54000 1800
5 21600 79200 39600 54000 1800
6 21600 79200 39600 54000 1800
7 21600 79200 39600 54000 1800
8 21600 79200 39600 54000 1800
9 21600 79200 39600 54000 1800
# day sizes (day, number of available customers on that day) [int* day_sizes]
0 9
1 5
2 7
3 10
4 10
5 9
6 7
7 7
8 8
9 8
# list of neighbor nodes of customers for each day in planning period [neighbor*** neighbors]
0 0 3 13 4 2 15 10 7 9 20 
0 3 4 12 8 15 16 20 
0 4 7 6 3 16 18 5 9 20 
0 5 3 18 13 2 12 15 7 9 20 
1 1 13 11 2 19 20 
1 2 14 17 8 20 
1 6 11 2 5 19 20 
1 7 14 17 8 20 
2 0 4 15 10 7 9 20 
2 1 11 19 20 
2 5 18 12 15 7 9 20 
2 6 11 5 19 20 
3 0 4 13 0 2 15 10 7 9 20 
3 4 0 16 18 5 9 20 
3 5 18 13 0 2 12 15 7 9 20 
3 9 4 16 18 19 5 9 20 
4 0 3 13 0 2 15 10 7 9 20 
4 3 14 6 17 0 12 8 15 16 20 
4 8 13 6 5 18 12 15 16 20 
4 9 3 16 18 19 5 9 20 
5 4 18 9 20 
5 6 11 2 19 20 
5 8 13 4 18 12 15 16 20 
5 9 18 19 9 20 
6 3 14 4 17 0 12 8 15 16 20 
6 4 7 0 3 16 18 9 5 20 
6 7 10 11 14 1 8 17 20 
6 8 13 4 5 18 12 15 16 20 
7 0 4 2 15 9 10 20 
7 4 6 0 3 16 18 5 9 20 
7 5 2 15 12 9 20 
7 9 3 16 4 18 19 5 9 20 
8 2 17 20 
8 3 15 16 20 
8 6 10 1 11 5 2 19 20 
8 7 17 20 
9 0 4 15 2 7 10 20 
9 4 18 5 20 
9 5 15 2 12 7 20 
9 9 18 19 5 20 
10 0 4 2 15 7 9 20 
10 2 19 14 12 1 17 8 20 
10 6 8 11 1 2 5 19 20 
10 7 6 11 14 1 17 8 20 
11 1 13 1 2 19 20 
11 3 14 4 6 17 0 12 8 15 16 20 
11 6 1 2 5 19 20 
11 7 6 10 14 1 8 17 20 
12 2 14 1 17 8 20 
12 3 0 15 8 16 20 
12 5 18 2 15 7 9 20 
12 8 15 16 20 
13 0 3 0 4 2 15 10 7 9 20 
13 1 11 1 2 19 20 
13 5 3 18 0 2 12 15 7 9 20 
13 8 4 6 5 18 12 15 16 20 
14 2 19 12 1 8 17 20 
14 3 11 6 4 17 0 12 8 15 16 20 
14 4 17 6 7 0 3 16 18 9 5 20 
14 7 11 1 8 17 20 
15 0 4 2 10 7 9 20 
15 3 8 16 20 
15 5 18 12 2 7 9 20 
15 8 16 20 
16 3 8 20 
16 4 0 3 18 9 5 20 
16 8 20 
16 9 3 4 18 19 9 5 20 
17 2 8 20 
17 3 14 4 0 12 8 15 16 20 
17 4 14 6 7 0 3 16 18 9 5 20 
17 7 8 20 
18 4 3 16 9 5 20 
18 5 3 13 0 15 2 12 9 7 20 
18 8 4 5 12 15 16 20 
18 9 3 16 19 9 5 20 
19 1 20 
19 2 14 12 1 17 8 20 
19 6 20 
19 9 16 18 5 9 20 
20 0 3 13 0 4 15 2 9 7 10 
20 1 13 1 11 2 19 
20 2 10 14 19 12 1 8 17 
20 3 14 11 6 4 17 0 12 8 15 16 
20 4 14 17 6 7 0 3 16 18 9 5 
20 5 3 18 13 0 15 2 12 9 7 
20 6 10 8 1 11 5 2 19 
20 7 6 10 11 14 1 8 17 
20 8 13 6 4 5 18 12 15 16 
20 9 7 3 16 4 18 19 9 5 
