# number of customers + 1 (depot stored as last "customer") [int nC]
41
# customer IDs (depot gets ID -1) [int* customerIDs]
102560299 102555533 102558438 102553497 102554950 102562872 102566894 102563140 102572856 102572386 102554583 102554934 102558044 102555596 102572768 102562253 102572940 102572890 102568919 102553021 102566585 102577000 102573980 102569411 102563649 102568244 102575564 102564043 102569323 102574868 102572353 102568579 102555524 102572388 102568810 102572786 102558426 102568467 102562105 102564330 -1 
# time window lists for each real customer (number of elements followed by elements' contents (day,start_t,end_t,weight)) [modelWindow** timeWindows]
2 4 36000 46800 0.45 0 46800 50400 0.98 
2 4 46800 57600 0.43 1 43200 46800 0.44 
2 2 54000 57600 0.50 4 36000 39600 0.56 
2 1 54000 57600 0.96 4 39600 50400 0.58 
2 4 43200 46800 0.81 0 46800 57600 0.56 
2 1 46800 54000 0.46 4 54000 61200 0.45 
2 2 32400 39600 0.46 3 36000 39600 0.51 
2 2 54000 57600 0.67 0 54000 57600 0.88 
2 4 43200 50400 0.67 1 39600 43200 0.71 
2 4 54000 61200 0.59 0 54000 57600 0.76 
2 3 39600 43200 0.91 2 36000 39600 0.49 
2 3 32400 36000 0.51 1 43200 54000 0.72 
2 0 50400 61200 0.48 3 46800 50400 0.54 
2 1 36000 46800 0.76 0 46800 50400 0.77 
2 0 36000 39600 0.59 2 39600 50400 0.60 
2 4 46800 57600 0.60 3 50400 54000 0.45 
2 3 54000 61200 0.69 4 43200 54000 0.90 
2 4 32400 36000 0.65 3 39600 43200 0.83 
2 0 43200 54000 0.48 4 46800 57600 0.41 
2 2 39600 43200 0.57 1 54000 61200 0.54 
2 1 36000 46800 0.89 0 54000 57600 0.59 
2 1 54000 61200 0.70 0 36000 46800 0.66 
2 1 39600 43200 0.66 4 43200 46800 0.69 
2 3 36000 43200 0.47 4 43200 54000 0.59 
2 3 36000 43200 0.68 2 36000 46800 0.45 
2 4 50400 54000 0.49 3 54000 61200 0.49 
2 3 32400 36000 0.52 2 43200 50400 0.53 
2 1 39600 50400 0.65 4 32400 43200 0.68 
2 4 54000 61200 0.64 1 46800 50400 0.98 
2 3 46800 50400 0.93 1 46800 50400 0.47 
2 4 54000 57600 0.46 2 39600 43200 0.77 
2 1 39600 46800 0.49 4 46800 50400 0.96 
2 1 39600 50400 0.86 3 36000 43200 0.40 
2 1 54000 61200 0.85 4 36000 46800 0.93 
2 1 36000 46800 0.62 3 32400 39600 0.53 
2 0 54000 57600 0.55 2 50400 57600 0.41 
2 4 50400 61200 0.46 0 43200 46800 0.71 
2 4 43200 50400 0.57 1 50400 54000 0.84 
2 2 32400 36000 0.51 3 39600 50400 0.42 
2 2 32400 36000 0.82 3 50400 57600 0.69 
# objective function coefficients [SCIP_Real* obj]
512.386333 149.171476 585.023000 594.949333 550.421000 594.487000 591.397000 154.854000 1045.081000 1037.325000 366.542333 1019.633000 1066.802333 294.125000 204.887476 1013.391000 250.032000 1045.675000 217.615333 556.398000 1036.160000 272.402000 569.565000 1086.083000 1014.838000 183.337000 235.565667 508.960333 298.606333 265.580667 594.194333 1084.517000 1098.690000 552.569333 154.705143 585.381000 543.083000 507.561000 599.708000 157.647143 0.000000 
# shift start time [int shift_start]
21600
# shift end time [int shift_end]
79200
# service times at customers (depot has service time 0.0) [int* t_service]
300 120 180 180 120 180 120 180 180 300 120 180 120 180 240 120 60 180 120 300 300 240 120 240 180 60 120 120 240 300 180 300 60 300 180 120 240 60 240 60 0 
# max. deviation of service times at customers (depot again 0.0) [int* t_service_maxDev]
420 240 480 480 120 420 300 60 180 180 180 300 300 240 420 120 240 420 300 240 360 180 360 360 240 180 300 540 480 60 120 240 240 60 420 360 360 300 480 240 0 
# morning/AM travel time matrix between customers (incl. depot as last customer) [int** t_travelAM]
0 610 729 315 306 1065 1222 892 1191 1215 292 308 1141 169 1237 1779 1233 1190 1129 310 1140 1834 1393 1154 950 1059 1693 1058 1158 1115 1260 1202 635 1226 1112 1225 723 1124 1785 1082 3142 
364 0 918 297 197 1125 1282 952 1251 1275 238 194 1330 253 1297 1968 1293 1250 1189 499 1200 1894 1453 1214 1010 1119 1753 1118 1218 1175 1320 1262 25 1286 1172 1285 912 1184 1974 1142 3202 
731 1256 0 630 773 1711 1868 1539 1837 1862 693 771 520 753 1883 1159 1879 1836 1775 538 1786 2481 2040 1800 1596 1705 2339 1704 1804 1761 1906 1848 1281 1872 1758 1871 54 1770 1165 1728 3789 
300 771 620 0 142 1226 1383 1053 1352 1376 62 140 1032 210 1397 1670 1393 1351 1290 201 1301 1995 1554 1315 1111 1220 1854 1218 1318 1276 1421 1363 796 1387 1272 1386 614 1285 1676 1243 3303 
322 751 772 151 0 1206 1363 1033 1332 1356 113 2 1184 191 1378 1822 1373 1331 1270 352 1281 1975 1534 1295 1091 1200 1834 1198 1298 1256 1401 1343 776 1367 1252 1366 765 1265 1828 1223 3283 
1059 1140 1705 1230 1187 0 543 398 503 502 1171 1189 2114 1041 552 1626 509 498 399 1286 461 1385 680 399 225 326 984 378 420 665 547 484 1165 513 412 541 1699 406 1609 403 2693 
1200 1280 1845 1371 1327 529 0 635 142 514 1312 1330 1839 1181 142 1350 192 150 222 1426 131 1039 716 219 384 309 682 236 209 313 442 274 1305 513 205 130 1839 266 1333 181 2347 
859 940 1505 1030 987 364 613 0 538 515 971 989 1917 841 599 1753 542 530 456 1085 531 1511 693 456 249 358 1001 505 477 792 559 501 965 525 470 588 1498 423 1736 500 2819 
1174 1254 1820 1345 1302 493 141 570 0 371 1286 1304 1912 1155 61 1423 50 7 126 1400 203 1066 574 93 330 234 605 216 110 385 306 138 1279 371 109 49 1813 147 1406 171 2374 
1198 1278 1843 1369 1325 484 483 536 342 0 1310 1328 2247 1179 403 1758 354 334 358 1424 446 1408 256 358 311 264 733 458 379 720 166 309 1303 10 372 391 1837 313 1741 414 2716 
279 708 679 59 114 1163 1320 990 1289 1313 0 116 1091 148 1335 1729 1330 1288 1227 260 1238 1932 1491 1252 1048 1157 1791 1155 1255 1213 1358 1300 733 1324 1209 1323 673 1222 1735 1180 3240 
324 753 769 149 2 1208 1365 1035 1334 1358 115 0 1181 193 1380 1819 1376 1333 1272 350 1283 1977 1536 1297 1093 1202 1836 1201 1301 1258 1403 1345 778 1369 1255 1368 763 1267 1825 1225 3285 
1009 1533 494 908 1051 1989 1821 1816 1912 2139 971 1048 0 1030 1925 638 1953 1911 1927 815 1784 2496 2317 1953 1874 1983 2355 1933 1943 1631 2184 2049 1558 2150 1910 1913 459 2000 644 1877 3804 
154 564 754 211 166 1019 1176 846 1145 1170 152 168 1166 0 1191 1804 1187 1144 1083 335 1094 1788 1347 1108 904 1013 1647 1012 1112 1069 1214 1156 589 1180 1066 1179 748 1078 1810 1036 3096 
1203 1283 1848 1374 1330 522 145 623 67 439 1315 1333 1943 1184 0 1454 117 75 169 1429 229 1065 641 160 373 289 599 245 156 416 367 199 1308 438 151 13 1842 213 1437 197 2373 
1307 1832 793 1206 1349 1587 1365 1754 1456 1756 1269 1347 659 1329 1469 0 1498 1455 1472 1114 1328 2041 1934 1497 1475 1542 1899 1477 1487 1176 1761 1593 1857 1767 1454 1457 787 1545 23 1422 3349 
1218 1298 1864 1389 1346 529 192 581 50 370 1330 1348 1956 1199 112 1467 0 43 147 1444 247 1117 573 104 356 246 562 260 121 429 263 95 1323 370 153 100 1857 159 1450 215 2425 
1174 1255 1820 1346 1302 494 148 562 7 364 1286 1304 1912 1156 69 1424 42 0 126 1401 203 1074 566 85 330 227 604 216 102 386 305 137 1280 363 109 57 1814 140 1406 172 2382 
1112 1192 1758 1283 1240 422 219 474 121 368 1224 1242 1947 1094 170 1458 156 120 0 1338 141 1175 546 46 248 138 719 154 67 420 379 223 1217 379 21 159 1751 145 1441 110 2483 
308 832 528 207 350 1288 1445 1115 1414 1438 270 347 940 329 1459 1578 1455 1413 1351 0 1362 2057 1616 1377 1173 1282 1915 1280 1380 1337 1483 1425 857 1449 1334 1447 522 1347 1584 1305 3365 
1122 1203 1768 1294 1250 442 133 547 205 451 1234 1252 1810 1104 236 1321 247 204 143 1349 0 1091 629 168 297 222 795 149 172 284 463 331 1228 462 126 224 1762 253 1304 93 2399 
1787 1868 2433 1958 1915 1337 1048 1504 1082 1232 1899 1917 2509 1769 1082 2021 1050 1090 1184 2014 1105 0 1434 1154 1226 1210 954 1218 1171 1032 1124 993 1893 1231 1167 1071 2426 1072 2003 1162 1839 
1383 1463 2029 1554 1511 670 693 721 552 257 1495 1513 2440 1364 613 1958 564 544 562 1609 650 1618 0 562 496 468 943 662 583 929 376 519 1488 268 576 602 2022 523 1940 618 2926 
1138 1219 1784 1309 1266 425 216 477 106 369 1250 1268 1975 1120 168 1486 110 99 43 1365 170 1173 549 0 251 141 673 183 21 449 332 177 1244 369 56 156 1777 99 1469 139 2481 
939 1020 1585 1110 1067 220 390 278 336 321 1051 1069 1991 921 386 1503 343 331 232 1166 307 1261 498 232 0 160 807 255 253 542 365 307 1045 331 246 374 1579 229 1486 276 2569 
1040 1120 1685 1211 1167 326 285 378 194 256 1152 1170 2008 1021 255 1520 198 186 116 1266 203 1252 454 116 152 0 657 216 137 482 241 157 1145 250 129 244 1679 79 1503 172 2560 
1674 1755 2320 1845 1802 986 688 1038 590 724 1786 1804 2396 1656 579 1908 542 586 689 1901 772 1388 927 646 812 703 0 787 664 842 617 485 1780 724 693 593 2313 565 1890 740 2691 
1048 1129 1694 1220 1176 368 237 534 226 472 1160 1178 1960 1030 272 1472 268 225 164 1275 155 1203 650 189 256 243 826 0 193 434 484 352 1154 483 147 260 1688 274 1454 103 2511 
1132 1212 1777 1303 1259 448 195 500 98 394 1244 1262 1954 1113 147 1465 136 97 65 1358 161 1152 572 22 274 164 698 174 0 428 358 202 1237 394 66 135 1771 124 1448 130 2460 
1082 1163 1728 1253 1210 633 316 799 407 730 1194 1212 1668 1064 419 1180 448 406 422 1309 278 1055 908 447 521 500 871 428 438 0 712 544 1188 741 405 407 1722 495 1162 372 2363 
1272 1353 1918 1443 1400 559 443 611 311 178 1384 1402 2216 1254 364 1728 267 304 363 1498 450 1369 381 353 385 269 634 463 371 690 0 210 1378 178 377 352 1911 283 1711 419 2677 
1214 1295 1860 1385 1342 501 255 553 114 294 1326 1344 2019 1196 176 1531 93 107 204 1440 301 1181 497 161 327 217 499 313 178 493 200 0 1320 293 216 164 1853 79 1513 269 2489 
352 22 905 285 184 1147 1304 974 1273 1298 225 182 1317 240 1319 1955 1315 1272 1211 486 1222 1916 1475 1236 1032 1141 1775 1140 1240 1197 1342 1284 0 1308 1194 1307 899 1206 1961 1164 3224 
1205 1286 1851 1376 1333 492 480 544 339 7 1317 1335 2244 1187 401 1756 351 332 356 1431 443 1406 263 356 318 262 730 456 377 718 164 306 1311 0 369 389 1844 311 1738 411 2714 
1103 1184 1749 1275 1231 423 210 484 112 379 1215 1233 1938 1085 162 1450 154 111 23 1330 133 1167 556 57 258 149 716 145 78 412 389 234 1209 389 0 150 1743 156 1432 101 2475 
1189 1270 1835 1361 1317 509 132 610 53 425 1301 1319 1929 1171 11 1441 103 61 155 1416 216 1057 628 147 359 275 611 231 142 403 354 186 1295 425 138 0 1829 200 1424 184 2365 
719 1244 54 618 761 1699 1856 1526 1825 1849 681 759 466 741 1871 1105 1866 1824 1763 526 1774 2468 2027 1788 1584 1693 2327 1691 1791 1749 1894 1836 1269 1860 1745 1859 0 1758 1111 1716 3776 
1134 1215 1780 1306 1262 421 235 473 114 290 1246 1264 1994 1116 176 1505 118 107 124 1361 221 1181 492 81 247 138 577 233 98 467 253 77 1240 289 138 164 1774 0 1488 189 2489 
1301 1826 787 1200 1343 1564 1342 1730 1433 1733 1263 1341 653 1323 1446 17 1474 1432 1448 1108 1305 2018 1911 1474 1452 1519 1876 1454 1464 1152 1738 1570 1851 1744 1431 1434 780 1521 0 1398 3326 
1071 1152 1717 1243 1199 391 179 513 171 417 1183 1201 1902 1053 212 1413 213 170 109 1298 97 1145 595 134 262 187 766 104 138 376 429 296 1177 428 92 200 1711 219 1396 0 2453 
3127 3208 3773 3299 3255 2678 2389 2844 2423 2572 3239 3258 3849 3109 2422 3361 2390 2430 2525 3354 2446 1831 2775 2494 2566 2551 2295 2558 2511 2372 2465 2333 3233 2571 2507 2411 3767 2413 3344 2502 0 
# noon travel time matrix between customers (incl. depot as last customer) [int** t_travelNoon]
0 598 729 313 306 1051 1207 878 1173 1197 282 308 1141 166 1209 1779 1216 1173 1111 307 1121 1805 1371 1135 937 1046 1658 1038 1139 1095 1245 1190 623 1207 1093 1197 722 1112 1784 1064 3111 
361 0 918 295 199 1104 1260 931 1226 1249 235 197 1330 249 1261 1968 1269 1226 1163 496 1174 1858 1424 1188 990 1099 1711 1091 1192 1148 1298 1243 24 1260 1146 1250 911 1165 1973 1117 3164 
728 1240 0 627 773 1693 1849 1520 1815 1839 688 771 520 750 1851 1157 1858 1815 1753 536 1763 2447 2013 1777 1579 1688 2300 1680 1781 1737 1887 1832 1265 1849 1735 1839 53 1754 1163 1706 3753 
300 763 622 0 146 1216 1372 1043 1338 1361 61 143 1034 211 1373 1672 1380 1338 1275 200 1285 1969 1536 1300 1101 1210 1822 1203 1303 1259 1409 1354 787 1372 1258 1361 615 1276 1677 1229 3275 
338 759 776 154 0 1212 1368 1040 1334 1358 118 2 1188 208 1370 1826 1377 1334 1272 355 1282 1966 1532 1296 1098 1207 1819 1199 1300 1256 1406 1351 784 1368 1254 1358 769 1273 1831 1226 3272 
1046 1122 1694 1217 1177 0 549 389 503 492 1156 1179 2067 1031 550 1594 506 495 401 1272 462 1369 666 400 227 330 978 380 421 659 540 485 1146 502 415 538 1687 407 1577 406 2675 
1197 1272 1845 1368 1328 528 0 639 145 519 1307 1330 1800 1182 145 1328 197 154 224 1423 136 1026 718 217 390 321 673 240 211 318 449 281 1297 520 207 133 1838 268 1311 186 2332 
852 927 1499 1022 982 361 611 0 539 506 961 985 1912 836 603 1715 542 531 450 1078 527 1490 681 449 246 355 993 500 470 780 555 500 952 517 464 591 1492 421 1698 494 2796 
1166 1241 1814 1337 1297 488 147 562 0 373 1276 1299 1873 1151 64 1401 51 8 126 1392 203 1055 573 90 332 233 600 216 107 391 309 142 1266 374 109 52 1807 147 1384 171 2361 
1185 1260 1833 1356 1316 479 494 528 346 0 1295 1318 2207 1170 410 1735 357 338 359 1411 450 1402 253 358 306 263 726 461 379 729 167 310 1285 10 373 398 1826 314 1718 417 2708 
281 701 683 60 117 1155 1310 982 1277 1300 0 119 1095 150 1312 1732 1319 1277 1214 261 1224 1908 1475 1239 1040 1149 1761 1142 1242 1198 1348 1293 726 1311 1197 1300 676 1215 1738 1168 3214 
341 762 774 151 2 1215 1371 1042 1337 1360 120 0 1186 210 1372 1823 1379 1337 1274 352 1284 1968 1535 1299 1100 1209 1821 1202 1302 1258 1408 1353 786 1371 1257 1360 767 1275 1829 1228 3274 
1003 1515 491 902 1048 1969 1815 1796 1905 2114 963 1046 0 1025 1919 637 1947 1905 1919 811 1775 2479 2289 1942 1854 1963 2332 1923 1936 1620 2162 2045 1540 2124 1902 1907 451 1992 642 1869 3785 
154 558 755 206 169 1011 1167 838 1133 1156 145 171 1168 0 1168 1805 1176 1133 1070 334 1080 1765 1331 1095 896 1005 1617 998 1099 1055 1205 1150 583 1167 1053 1156 748 1071 1811 1024 3071 
1195 1271 1843 1366 1326 517 150 622 69 442 1305 1329 1906 1180 0 1433 120 77 171 1422 232 1052 642 159 377 294 593 246 158 424 372 204 1295 443 154 13 1836 215 1416 199 2358 
1290 1802 778 1189 1335 1567 1357 1736 1447 1737 1250 1333 644 1312 1461 0 1489 1447 1461 1098 1317 2021 1912 1484 1461 1528 1874 1465 1478 1162 1755 1587 1827 1747 1444 1450 771 1535 22 1411 3327 
1213 1288 1860 1383 1344 525 201 574 53 378 1323 1346 1920 1198 118 1448 0 46 144 1439 250 1109 577 102 352 245 555 263 119 438 265 97 1313 379 156 106 1854 159 1430 217 2415 
1167 1242 1814 1337 1297 488 155 553 7 365 1276 1300 1874 1151 72 1401 42 0 124 1393 204 1063 564 81 332 225 598 217 98 392 308 140 1267 366 110 60 1807 139 1384 171 2369 
1103 1178 1751 1274 1234 420 221 469 121 363 1213 1236 1904 1088 176 1432 151 121 0 1329 142 1167 538 45 247 140 706 153 66 422 378 218 1203 374 21 164 1744 139 1414 109 2473 
305 817 529 204 351 1271 1426 1098 1393 1416 266 348 941 327 1428 1579 1435 1393 1330 0 1340 2024 1591 1355 1156 1265 1877 1258 1358 1314 1464 1409 842 1427 1313 1416 522 1331 1584 1284 3330 
1114 1189 1762 1285 1245 435 135 547 207 452 1224 1247 1766 1099 239 1294 249 207 144 1340 0 1078 627 168 298 229 786 148 172 284 472 331 1214 462 127 227 1755 253 1277 94 2384 
1773 1849 2421 1944 1904 1319 1040 1487 1074 1231 1883 1906 2458 1758 1072 1986 1041 1083 1177 1999 1094 0 1430 1140 1212 1206 944 1203 1157 1019 1118 986 1873 1232 1160 1062 2414 1065 1968 1149 1830 
1366 1441 2013 1536 1497 660 699 708 551 252 1476 1499 2388 1350 616 1916 562 544 563 1592 655 1607 0 562 487 463 932 666 584 934 373 515 1466 263 577 604 2006 520 1898 622 2913 
1129 1204 1777 1300 1260 423 220 471 102 366 1239 1262 1935 1114 167 1462 105 95 42 1355 173 1158 541 0 250 143 661 184 21 452 333 172 1229 374 56 155 1770 94 1445 140 2464 
932 1007 1580 1103 1063 219 390 275 333 316 1042 1065 1940 917 388 1468 336 325 231 1158 306 1243 491 230 0 160 803 254 251 533 364 309 1032 326 245 376 1573 231 1451 273 2549 
1031 1106 1679 1202 1162 325 294 374 198 257 1141 1164 1972 1016 262 1500 201 190 119 1257 210 1243 447 118 152 0 652 221 139 490 245 159 1131 255 133 251 1672 81 1482 177 2549 
1659 1734 2306 1829 1790 980 682 1028 578 724 1769 1792 2343 1643 573 1871 534 580 675 1885 767 1382 923 633 807 700 0 781 650 828 611 479 1759 725 683 586 2299 559 1854 735 2681 
1040 1115 1687 1210 1170 361 241 530 226 471 1149 1173 1918 1024 261 1446 269 226 163 1266 154 1189 646 188 255 249 809 0 192 436 492 351 1140 482 146 250 1680 273 1429 103 2495 
1123 1198 1771 1294 1254 445 199 493 98 388 1233 1256 1915 1108 153 1443 130 98 64 1349 162 1145 562 21 272 165 686 173 0 433 358 197 1223 398 66 141 1764 119 1426 129 2451 
1077 1152 1724 1247 1207 622 321 791 411 733 1186 1210 1627 1061 426 1155 454 411 425 1303 281 1046 908 448 516 511 864 429 442 0 719 551 1177 744 408 414 1717 499 1138 376 2352 
1256 1332 1904 1427 1387 551 448 599 313 178 1366 1390 2182 1241 365 1710 269 311 363 1483 454 1356 377 361 378 267 630 465 378 700 0 215 1357 179 377 353 1897 287 1693 421 2662 
1205 1281 1853 1376 1336 500 265 548 117 301 1315 1339 1983 1190 181 1511 94 109 196 1432 308 1173 500 153 327 220 493 320 170 501 203 0 1306 302 209 169 1846 79 1494 276 2479 
348 22 905 283 187 1126 1282 953 1248 1272 222 185 1318 237 1284 1955 1291 1248 1186 484 1196 1880 1446 1210 1012 1121 1733 1113 1214 1170 1320 1265 0 1282 1168 1272 898 1187 1960 1139 3186 
1192 1268 1840 1363 1323 487 490 535 343 7 1302 1326 2208 1177 407 1736 353 335 356 1419 447 1398 260 355 313 260 723 458 376 726 164 307 1292 0 369 395 1833 311 1719 414 2704 
1095 1170 1743 1266 1226 417 213 479 113 374 1205 1228 1896 1080 168 1424 155 113 23 1321 134 1159 548 56 258 151 711 146 77 414 389 228 1195 384 0 156 1736 150 1406 102 2465 
1181 1257 1829 1352 1312 503 136 608 55 429 1291 1315 1892 1166 11 1420 106 63 158 1408 218 1044 628 145 364 280 605 232 145 410 358 190 1282 429 140 0 1822 201 1402 185 2350 
715 1227 53 614 761 1681 1836 1508 1803 1826 676 758 466 737 1838 1104 1845 1803 1740 523 1750 2434 2001 1765 1566 1675 2287 1668 1768 1724 1874 1819 1252 1837 1723 1826 0 1741 1109 1694 3740 
1126 1202 1774 1297 1257 421 240 469 117 298 1236 1260 1957 1111 181 1484 120 109 116 1353 229 1173 497 74 248 141 571 241 91 474 258 78 1227 299 130 170 1767 0 1467 197 2479 
1283 1796 772 1183 1329 1544 1334 1713 1424 1714 1244 1327 638 1306 1439 17 1467 1424 1439 1091 1294 1999 1889 1461 1438 1506 1851 1443 1455 1140 1732 1564 1821 1725 1421 1427 765 1512 0 1389 3305 
1062 1137 1709 1232 1192 383 180 510 170 415 1171 1195 1858 1046 202 1386 213 170 107 1288 96 1129 590 132 261 193 750 101 136 376 436 295 1162 426 90 190 1702 217 1368 0 2435 
3107 3183 3755 3278 3238 2653 2374 2821 2408 2565 3217 3241 3792 3092 2406 3320 2375 2417 2511 3334 2428 1817 2764 2474 2546 2541 2278 2537 2491 2353 2452 2320 3207 2566 2494 2396 3748 2400 3302 2483 0 
# afternoon/PM travel time matrix between customers (incl. depot as last customer) [int** t_travelPM]
0 602 737 317 305 1052 1218 879 1179 1197 284 307 1155 168 1220 1795 1223 1180 1117 313 1127 1808 1372 1140 937 1044 1662 1043 1148 1101 1244 1187 627 1208 1100 1208 730 1110 1800 1069 3124 
364 0 918 292 199 1104 1269 930 1231 1248 232 197 1337 251 1271 1976 1274 1231 1168 495 1179 1860 1423 1191 989 1095 1713 1094 1199 1152 1296 1239 25 1259 1151 1259 912 1161 1982 1121 3175 
728 1245 0 629 786 1694 1860 1521 1822 1839 690 784 525 751 1862 1165 1865 1822 1759 538 1770 2451 2014 1782 1579 1686 2304 1685 1790 1743 1887 1830 1270 1850 1742 1850 53 1752 1170 1712 3766 
299 764 626 0 157 1214 1380 1041 1341 1359 60 155 1044 210 1382 1684 1385 1342 1279 203 1289 1970 1534 1302 1099 1206 1824 1205 1310 1263 1406 1349 789 1370 1262 1370 619 1272 1689 1231 3286 
338 761 790 163 0 1211 1376 1037 1338 1355 117 2 1208 206 1378 1848 1381 1338 1275 367 1286 1967 1530 1298 1096 1202 1820 1201 1306 1259 1403 1346 786 1366 1258 1366 783 1268 1853 1228 3282 
1050 1126 1705 1217 1180 0 554 388 502 491 1157 1183 2065 1035 556 1594 505 495 402 1282 464 1368 666 401 226 330 974 379 423 661 538 481 1152 501 416 545 1698 404 1576 406 2684 
1203 1279 1857 1370 1333 530 0 644 143 526 1309 1335 1800 1187 143 1330 195 152 222 1434 139 1027 720 218 393 321 675 241 211 320 451 285 1304 527 205 131 1850 269 1312 187 2342 
857 933 1511 1024 987 362 616 0 537 507 963 989 1929 841 602 1714 540 529 450 1088 529 1489 682 449 247 353 989 500 471 781 554 497 958 517 464 590 1504 420 1697 497 2804 
1171 1247 1825 1338 1301 488 145 563 0 382 1278 1303 1871 1155 64 1401 51 8 125 1402 204 1055 582 90 334 236 604 216 109 391 313 147 1272 383 108 53 1818 148 1383 172 2371 
1192 1268 1846 1359 1322 481 500 529 354 0 1298 1324 2210 1176 419 1739 365 347 360 1423 449 1410 253 359 308 262 729 461 380 731 169 316 1293 10 373 407 1839 322 1722 417 2725 
281 703 686 60 115 1153 1319 980 1280 1298 0 118 1104 149 1321 1744 1324 1281 1218 263 1229 1910 1473 1241 1038 1145 1763 1144 1249 1202 1345 1289 729 1309 1201 1309 679 1211 1750 1171 3225 
340 763 787 161 2 1213 1378 1039 1340 1358 119 0 1206 209 1381 1845 1383 1340 1277 364 1288 1969 1533 1300 1098 1204 1822 1204 1308 1261 1405 1348 788 1368 1260 1369 781 1271 1851 1230 3284 
1001 1517 491 901 1059 1967 1820 1793 1908 2112 962 1057 0 1024 1922 639 1951 1908 1922 810 1777 2479 2287 1948 1852 1959 2332 1926 1941 1621 2159 2053 1542 2123 1905 1911 451 1999 645 1872 3794 
155 563 762 206 166 1013 1178 839 1140 1158 146 168 1180 0 1181 1820 1183 1140 1078 339 1088 1769 1333 1100 898 1005 1623 1004 1109 1062 1205 1148 588 1169 1060 1169 755 1071 1826 1030 3085 
1205 1281 1859 1372 1335 522 147 623 68 451 1312 1338 1906 1190 0 1436 120 77 171 1436 236 1052 651 159 380 295 594 250 160 427 376 210 1306 452 154 13 1853 217 1418 204 2367 
1286 1803 777 1187 1344 1566 1361 1736 1448 1736 1248 1342 643 1309 1463 0 1492 1449 1463 1096 1318 2020 1911 1488 1460 1528 1873 1467 1482 1162 1760 1594 1828 1747 1446 1451 770 1539 22 1413 3335 
1219 1295 1873 1386 1349 528 200 576 55 384 1326 1351 1919 1203 119 1449 0 47 147 1450 252 1110 584 103 355 249 559 264 121 439 268 102 1320 385 156 108 1866 161 1431 220 2426 
1171 1248 1826 1339 1302 489 153 554 7 373 1278 1304 1872 1156 72 1401 43 0 125 1403 205 1063 573 82 334 227 602 217 100 392 311 145 1273 374 108 60 1819 139 1384 172 2378 
1109 1185 1764 1276 1239 421 221 469 121 365 1216 1242 1905 1094 176 1434 149 121 0 1340 143 1167 540 45 248 141 708 155 67 425 375 216 1210 376 21 164 1757 138 1417 111 2482 
304 821 532 205 363 1271 1436 1097 1398 1416 266 360 950 328 1438 1590 1441 1398 1335 0 1346 2027 1591 1358 1156 1262 1880 1261 1366 1319 1463 1406 846 1426 1318 1427 525 1329 1595 1288 3342 
1120 1196 1774 1287 1250 437 139 552 207 453 1227 1253 1764 1105 241 1293 251 208 145 1351 0 1078 628 170 301 229 793 149 176 284 471 334 1221 463 128 229 1768 256 1276 95 2393 
1777 1853 2431 1944 1907 1319 1041 1488 1075 1232 1883 1909 2456 1761 1073 1985 1045 1084 1177 2008 1095 0 1432 1149 1213 1212 945 1208 1166 1020 1116 988 1878 1233 1160 1063 2424 1076 1968 1154 1840 
1372 1448 2026 1539 1502 661 705 709 559 252 1479 1504 2390 1356 624 1919 571 552 564 1603 653 1615 0 563 488 463 934 665 584 935 374 521 1473 263 577 613 2019 526 1902 621 2931 
1135 1211 1790 1302 1265 425 220 472 101 369 1242 1268 1934 1120 166 1463 104 93 43 1366 172 1157 544 0 252 145 663 184 21 454 329 170 1236 372 57 154 1783 93 1446 140 2472 
938 1014 1592 1105 1068 220 395 275 332 317 1045 1070 1938 922 393 1467 335 324 231 1169 309 1242 492 230 0 160 800 253 252 534 364 307 1039 328 245 381 1585 230 1450 276 2557 
1036 1112 1690 1203 1166 326 295 373 198 253 1143 1168 1970 1020 263 1499 201 191 118 1267 208 1243 448 117 152 0 651 220 139 490 242 158 1137 254 132 251 1683 81 1482 176 2558 
1661 1737 2315 1828 1791 990 686 1038 583 726 1768 1793 2340 1645 576 1870 538 586 685 1892 777 1380 926 642 817 706 0 791 660 828 610 481 1762 727 688 590 2308 569 1852 745 2692 
1045 1122 1700 1213 1176 363 245 532 227 473 1152 1178 1920 1030 268 1449 270 227 165 1277 155 1193 648 190 257 249 816 0 196 440 491 354 1147 483 147 256 1693 276 1432 103 2509 
1130 1206 1784 1297 1260 446 199 494 98 391 1236 1262 1915 1114 153 1444 129 98 65 1361 163 1144 566 21 273 167 688 175 0 435 354 195 1231 396 66 141 1777 118 1427 131 2459 
1080 1156 1735 1247 1210 623 327 792 414 737 1187 1213 1625 1065 429 1154 458 415 429 1312 284 1046 912 454 517 513 872 433 448 0 726 560 1182 748 412 417 1728 505 1137 379 2361 
1265 1341 1919 1432 1395 554 452 602 318 179 1371 1397 2187 1249 371 1716 274 319 364 1496 453 1362 378 363 381 266 629 465 381 707 0 216 1366 180 378 359 1912 295 1699 421 2677 
1219 1295 1873 1386 1349 508 271 556 125 310 1325 1351 1990 1203 190 1519 96 118 207 1450 314 1181 510 163 335 228 492 326 181 510 201 0 1320 311 220 179 1866 87 1502 282 2497 
351 22 906 279 186 1126 1291 952 1253 1271 219 184 1324 238 1293 1964 1296 1253 1190 482 1201 1882 1446 1213 1011 1117 1735 1116 1221 1174 1318 1261 0 1281 1173 1282 899 1184 1969 1143 3197 
1199 1275 1853 1366 1329 489 497 536 351 7 1306 1331 2207 1183 416 1737 362 343 356 1430 446 1407 261 355 315 258 726 457 377 727 165 313 1300 0 370 404 1846 319 1719 413 2722 
1101 1177 1756 1268 1231 419 214 480 113 376 1208 1234 1897 1086 168 1426 156 113 23 1333 135 1159 551 55 259 152 715 147 77 417 385 226 1203 387 0 156 1749 149 1409 103 2474 
1191 1267 1846 1358 1321 509 134 609 55 437 1298 1324 1893 1176 11 1422 107 64 157 1422 222 1044 637 146 366 281 606 237 146 413 362 196 1292 438 140 0 1839 203 1405 190 2359 
715 1232 53 616 773 1681 1847 1508 1809 1826 677 771 471 738 1849 1111 1852 1809 1746 525 1757 2438 2001 1769 1566 1673 2291 1672 1777 1730 1874 1817 1257 1837 1729 1837 0 1739 1117 1699 3753 
1131 1207 1785 1298 1261 420 240 468 117 298 1238 1263 1956 1115 182 1485 120 109 119 1362 226 1172 497 75 247 140 569 238 93 476 256 77 1232 298 132 170 1778 0 1468 194 2488 
1280 1796 771 1181 1338 1544 1339 1713 1426 1714 1242 1336 637 1303 1440 17 1469 1426 1440 1090 1295 1997 1889 1466 1438 1505 1851 1444 1459 1139 1737 1572 1822 1724 1423 1429 764 1517 0 1390 3313 
1067 1143 1721 1234 1197 384 183 514 170 416 1174 1199 1858 1051 208 1387 213 170 108 1298 96 1131 591 133 264 192 756 101 139 378 434 297 1168 426 90 196 1714 219 1370 0 2446 
3120 3196 3774 3287 3250 2662 2384 2832 2418 2576 3227 3253 3800 3105 2416 3329 2388 2427 2521 3351 2439 1827 2776 2492 2556 2556 2288 2551 2510 2364 2460 2331 3221 2577 2503 2406 3768 2419 3311 2497 0 
# average travel time matrix between customers (incl. depot as last customer) [int** t_travel]
0 604 732 315 306 1056 1216 883 1181 1203 286 308 1146 168 1222 1785 1224 1181 1119 310 1130 1816 1379 1143 942 1050 1671 1047 1149 1104 1250 1193 629 1214 1102 1210 725 1116 1790 1072 3126 
363 0 918 295 199 1111 1271 938 1236 1258 235 196 1333 251 1277 1971 1279 1236 1174 497 1185 1871 1434 1198 997 1105 1726 1101 1203 1159 1305 1248 25 1269 1157 1265 912 1170 1977 1127 3181 
729 1247 0 629 778 1700 1859 1527 1825 1847 691 776 522 752 1866 1161 1868 1825 1763 538 1773 2460 2023 1787 1585 1693 2315 1690 1792 1747 1894 1837 1272 1857 1745 1854 54 1759 1166 1716 3770 
300 766 623 0 149 1219 1379 1046 1344 1366 61 146 1037 211 1384 1676 1386 1344 1282 202 1292 1978 1542 1306 1104 1212 1834 1209 1311 1266 1412 1356 791 1377 1264 1373 616 1278 1681 1235 3288 
333 757 780 156 0 1210 1369 1037 1335 1357 116 2 1194 202 1376 1832 1377 1335 1273 358 1283 1970 1532 1297 1095 1203 1825 1200 1302 1257 1404 1347 782 1367 1255 1364 773 1269 1838 1226 3279 
1052 1130 1702 1222 1182 0 549 392 503 495 1162 1184 2082 1036 553 1605 507 496 401 1280 463 1374 671 400 226 329 979 379 422 662 542 484 1155 506 415 542 1695 406 1588 405 2684 
1200 1277 1849 1370 1330 529 0 640 144 520 1310 1332 1813 1184 144 1336 195 152 223 1428 136 1031 718 218 389 317 677 239 211 317 448 280 1302 520 206 132 1843 268 1319 185 2341 
856 934 1505 1026 986 363 614 0 538 510 965 988 1920 840 602 1728 542 530 452 1084 529 1497 686 452 248 356 995 502 473 785 556 500 959 520 466 590 1498 422 1711 497 2807 
1171 1248 1820 1340 1300 490 145 565 0 376 1280 1302 1886 1154 63 1409 51 8 126 1398 204 1059 577 91 332 235 603 216 109 389 310 143 1273 376 109 52 1813 148 1391 172 2369 
1192 1269 1841 1362 1321 482 493 531 348 0 1301 1324 2222 1175 411 1744 359 340 359 1420 449 1407 254 359 309 263 730 460 380 727 168 312 1294 10 373 399 1834 317 1727 416 2717 
281 704 683 60 116 1157 1317 984 1282 1304 0 118 1097 149 1323 1735 1325 1282 1220 262 1231 1917 1480 1244 1042 1151 1772 1147 1249 1205 1351 1294 730 1315 1203 1311 676 1216 1741 1173 3227 
335 760 777 154 2 1212 1372 1039 1337 1359 118 0 1191 204 1378 1829 1380 1337 1275 356 1285 1972 1535 1299 1097 1205 1827 1203 1304 1259 1406 1349 784 1370 1258 1366 771 1271 1835 1228 3281 
1005 1522 492 904 1053 1975 1819 1802 1909 2122 966 1051 0 1027 1922 638 1951 1908 1923 812 1779 2485 2298 1948 1860 1969 2340 1928 1940 1624 2169 2049 1547 2133 1906 1911 454 1997 644 1873 3795 
155 562 757 208 167 1015 1174 841 1140 1162 148 169 1172 0 1180 1810 1182 1139 1077 336 1088 1774 1337 1101 900 1008 1629 1005 1107 1062 1208 1152 587 1172 1060 1168 751 1074 1816 1030 3084 
1201 1279 1850 1371 1331 521 148 623 68 444 1311 1334 1919 1185 0 1441 119 77 171 1429 233 1057 645 160 377 293 596 247 158 423 372 205 1303 445 153 13 1844 215 1424 200 2366 
1295 1813 783 1194 1343 1574 1361 1742 1451 1743 1256 1341 649 1317 1465 0 1493 1451 1466 1103 1321 2028 1919 1490 1466 1533 1882 1470 1483 1167 1759 1592 1838 1754 1448 1453 776 1540 23 1416 3337 
1217 1294 1866 1386 1347 528 198 577 53 378 1327 1349 1932 1200 117 1455 0 46 146 1445 250 1112 578 103 355 247 559 263 121 436 266 98 1319 378 155 105 1859 160 1437 218 2422 
1171 1249 1820 1341 1301 491 152 557 7 368 1280 1303 1886 1155 71 1409 43 0 125 1399 204 1067 568 83 332 227 602 217 100 390 308 141 1274 368 109 59 1814 140 1392 172 2377 
1108 1185 1758 1278 1238 421 221 471 121 366 1218 1240 1919 1092 174 1442 152 121 0 1336 142 1170 542 46 248 140 711 154 67 423 378 219 1210 377 21 163 1751 141 1424 110 2480 
306 824 530 206 355 1277 1436 1104 1402 1424 268 352 944 328 1442 1583 1444 1402 1339 0 1350 2036 1600 1364 1162 1270 1891 1267 1368 1324 1470 1414 849 1434 1322 1430 523 1336 1588 1293 3346 
1119 1196 1768 1289 1249 438 136 549 207 452 1229 1251 1780 1103 239 1303 249 207 144 1347 0 1083 628 169 299 227 792 149 174 284 469 332 1221 463 127 227 1762 254 1286 94 2392 
1779 1857 2429 1949 1909 1325 1043 1493 1077 1232 1889 1911 2475 1763 1076 1998 1046 1086 1180 2007 1098 0 1432 1148 1217 1210 948 1210 1165 1024 1120 989 1882 1232 1163 1066 2422 1071 1980 1155 1837 
1374 1451 2023 1543 1504 664 699 713 554 254 1484 1506 2406 1357 618 1931 566 547 563 1602 653 1614 0 563 491 465 937 665 584 933 375 519 1476 265 577 607 2016 523 1914 621 2924 
1134 1212 1784 1304 1264 425 219 474 103 368 1244 1266 1948 1118 167 1471 107 96 43 1362 172 1163 545 0 251 143 666 184 21 452 332 173 1237 372 57 155 1777 96 1454 140 2473 
937 1014 1586 1106 1066 220 392 276 334 318 1046 1068 1957 920 389 1480 338 327 232 1165 308 1249 494 231 0 160 804 254 252 537 365 308 1039 329 246 377 1579 230 1463 275 2559 
1036 1113 1685 1206 1165 326 292 375 197 256 1146 1168 1984 1019 260 1507 200 189 118 1264 207 1246 450 117 152 0 654 219 139 488 243 158 1138 253 132 249 1678 81 1489 175 2556 
1665 1742 2314 1834 1795 986 686 1035 584 725 1775 1797 2360 1648 576 1883 538 584 683 1893 772 1384 926 641 812 703 0 787 658 833 613 482 1767 726 688 590 2307 565 1866 740 2688 
1045 1122 1694 1215 1174 364 241 532 227 472 1154 1177 1933 1028 267 1456 269 226 164 1273 155 1195 648 189 256 247 817 0 194 437 489 353 1147 483 147 256 1687 275 1439 103 2505 
1129 1206 1778 1298 1258 447 198 496 98 391 1238 1260 1928 1112 151 1451 132 98 65 1356 162 1147 567 22 273 166 691 174 0 432 357 198 1231 396 66 139 1771 121 1434 130 2457 
1080 1157 1729 1249 1209 626 322 794 411 734 1189 1212 1640 1064 425 1163 454 411 426 1308 281 1049 910 450 518 508 869 430 443 0 719 552 1183 745 409 413 1723 500 1146 376 2359 
1265 1342 1914 1434 1394 555 448 604 314 179 1374 1397 2195 1248 367 1718 270 312 364 1493 453 1363 379 359 382 268 631 465 377 699 0 214 1367 179 378 355 1907 289 1701 421 2672 
1213 1291 1862 1383 1343 503 264 553 119 302 1322 1345 1998 1197 183 1521 95 112 203 1441 308 1179 503 159 330 222 495 320 177 502 202 0 1316 302 215 171 1855 82 1503 276 2489 
351 22 906 283 186 1133 1293 960 1258 1281 222 184 1320 239 1299 1958 1301 1258 1196 484 1207 1893 1456 1220 1019 1127 1748 1123 1225 1181 1327 1270 0 1291 1179 1287 899 1193 1964 1149 3203 
1199 1277 1848 1369 1329 490 489 539 345 7 1309 1331 2220 1183 408 1743 356 337 356 1427 446 1404 262 356 316 260 727 457 377 724 165 309 1301 0 370 396 1841 314 1726 413 2714 
1100 1177 1750 1270 1230 420 213 481 113 377 1210 1232 1911 1084 166 1434 155 113 23 1328 134 1162 552 56 259 151 714 146 78 415 388 230 1203 387 0 154 1743 152 1416 102 2472 
1187 1265 1837 1357 1317 507 134 609 55 431 1297 1320 1905 1171 11 1428 106 63 157 1416 219 1049 631 146 363 279 608 234 145 409 358 191 1290 431 140 0 1830 202 1411 187 2358 
717 1235 54 616 765 1687 1847 1514 1813 1834 678 763 468 739 1853 1107 1855 1812 1750 525 1761 2447 2010 1774 1572 1681 2302 1677 1779 1735 1881 1824 1260 1845 1733 1841 0 1746 1113 1703 3757 
1131 1208 1780 1301 1260 421 239 470 116 296 1240 1263 1969 1114 180 1492 120 109 120 1359 226 1176 496 77 248 140 573 238 94 473 256 78 1233 296 134 168 1773 0 1475 194 2486 
1288 1806 777 1188 1337 1551 1339 1719 1428 1721 1250 1335 643 1311 1442 17 1470 1428 1443 1097 1298 2005 1897 1467 1443 1510 1860 1447 1460 1144 1736 1569 1832 1731 1425 1430 770 1517 0 1393 3315 
1067 1144 1716 1237 1196 386 181 513 171 416 1176 1199 1873 1050 208 1396 213 170 108 1295 97 1135 592 133 263 191 758 102 138 377 433 296 1169 427 91 196 1709 219 1378 0 2445 
3118 3196 3768 3288 3248 2665 2383 2833 2417 2571 3228 3251 3814 3102 2415 3337 2385 2425 2519 3347 2438 1825 2772 2487 2556 2550 2287 2549 2504 2363 2459 2328 3221 2572 2502 2405 3761 2411 3319 2494 0 
# max. deviation of (average) travel time matrix between customers (incl. depot as last customer) [int** t_travel_maxDev]
0 6 5 2 0 9 6 9 10 12 6 0 9 1 15 10 9 9 10 3 10 18 14 11 8 9 22 11 9 11 10 9 6 12 10 15 5 8 10 10 16 
1 0 0 2 0 14 11 14 15 17 3 1 4 2 20 5 14 14 15 2 15 23 19 16 13 14 27 17 15 16 15 14 0 17 15 20 0 14 5 15 21 
2 9 0 1 8 11 9 12 12 15 2 8 3 1 17 4 11 11 12 0 13 21 17 13 11 12 24 14 12 14 12 11 9 15 13 17 0 11 4 12 19 
0 5 3 0 8 7 4 7 8 10 1 9 7 0 13 8 7 7 8 1 9 17 12 9 7 8 20 9 7 10 9 7 5 10 8 13 3 7 8 8 15 
5 4 10 7 0 2 7 3 3 1 2 0 14 6 2 16 4 3 2 9 3 5 2 1 3 4 9 1 4 2 2 4 4 1 3 2 10 4 15 2 4 
7 10 3 8 5 0 5 6 0 7 9 5 32 5 3 21 2 2 1 6 1 11 9 1 1 1 5 1 1 3 5 1 10 7 1 3 4 1 21 1 9 
3 3 8 1 3 1 0 4 1 6 2 3 26 3 1 14 2 2 1 6 3 8 2 1 4 4 5 2 0 3 3 5 3 7 1 1 7 1 14 2 6 
3 6 6 4 1 1 2 0 1 5 6 1 9 1 1 25 0 1 4 4 2 14 7 4 1 2 6 3 4 7 3 1 6 5 4 1 6 1 25 3 12 
3 6 5 5 2 3 2 5 0 6 6 2 26 1 1 14 0 0 0 4 0 7 5 2 2 1 2 0 1 2 3 4 6 7 0 1 5 0 15 0 5 
6 9 5 7 4 2 7 5 6 0 9 4 25 4 8 14 6 7 1 4 1 3 2 0 2 1 3 1 0 4 1 4 9 0 0 8 5 5 14 1 8 
0 4 3 0 1 6 3 6 7 9 0 1 7 1 12 9 5 6 7 1 7 15 11 8 6 6 19 8 6 8 7 6 3 9 6 12 3 6 9 7 13 
6 3 10 7 0 3 6 3 3 1 2 0 15 6 3 16 3 3 2 8 3 5 1 1 3 4 9 1 4 2 2 4 4 1 2 3 10 4 16 2 4 
4 11 2 4 6 14 2 14 3 17 5 6 0 3 3 1 2 3 4 3 5 11 19 5 14 14 15 5 3 7 15 4 11 17 4 2 5 3 1 4 9 
0 2 5 3 2 4 4 5 5 8 4 2 8 0 11 10 5 5 6 3 6 14 10 7 4 5 18 7 5 7 6 4 2 8 6 11 4 4 10 6 12 
4 4 9 3 4 1 2 0 1 7 4 4 24 5 0 13 1 0 0 7 3 8 6 0 3 2 3 3 2 4 4 5 5 7 1 0 9 2 13 4 7 
12 19 10 12 6 13 4 12 5 13 13 6 10 12 4 0 5 4 6 11 7 13 15 7 9 9 17 7 4 9 2 2 19 13 6 4 11 5 0 6 12 
2 4 7 3 2 1 3 4 2 6 3 2 24 3 2 12 0 1 1 5 2 5 6 1 1 2 3 1 0 3 2 4 4 7 1 3 7 1 13 2 4 
3 6 6 5 1 3 3 5 0 5 6 1 26 1 1 15 0 0 1 4 1 7 5 2 2 0 2 0 2 2 3 4 6 6 1 1 5 0 14 0 5 
4 7 6 5 2 1 0 3 0 2 6 2 28 2 2 16 4 0 0 4 1 5 4 0 0 1 8 1 0 2 1 4 7 2 0 1 6 4 17 1 3 
2 8 2 1 8 11 9 11 12 14 2 8 6 1 17 7 11 11 12 0 12 21 16 13 11 12 24 13 12 13 13 11 8 15 12 17 2 11 7 12 19 
3 7 6 5 1 4 3 3 0 1 5 2 30 2 2 18 2 1 1 4 0 8 1 1 2 2 3 0 2 0 3 2 7 0 1 2 6 2 18 1 7 
8 11 4 9 6 12 5 11 5 0 10 6 34 6 6 23 4 4 4 7 7 0 2 6 9 2 6 8 6 8 4 4 11 1 4 5 4 5 23 7 3 
9 12 6 11 7 6 6 8 5 3 11 7 34 7 6 27 5 5 1 7 2 4 0 0 5 3 6 1 0 2 1 2 12 3 0 6 6 3 26 1 7 
4 7 6 5 2 0 1 3 3 1 6 2 27 2 1 15 3 3 0 4 1 10 4 0 1 2 7 0 0 2 1 4 7 2 0 1 6 3 15 0 8 
2 6 6 4 2 0 3 2 2 3 5 2 34 2 4 23 5 4 0 4 1 12 4 1 0 0 3 1 1 5 0 1 6 2 0 4 6 1 23 1 10 
4 7 5 5 2 0 3 3 1 1 6 2 24 2 3 13 1 2 1 3 3 6 4 1 0 0 3 2 0 2 2 1 7 2 1 2 5 0 14 2 4 
9 13 6 11 7 4 2 3 6 1 11 7 36 8 3 25 4 2 6 8 5 4 1 5 5 3 0 4 6 9 4 3 13 1 5 3 6 4 24 5 4 
3 7 6 5 2 4 4 2 0 1 6 1 27 2 5 16 1 1 1 4 0 8 2 1 1 2 9 0 2 3 3 1 7 0 0 4 6 1 15 0 6 
3 6 6 5 2 1 1 4 0 3 6 2 26 2 2 14 4 0 0 5 1 5 5 0 1 1 7 1 0 3 1 4 6 2 0 2 6 3 14 1 3 
2 6 6 4 1 7 5 5 3 3 5 1 28 1 4 17 4 4 3 4 3 6 2 4 3 5 3 3 5 0 7 8 5 3 3 4 5 5 16 3 4 
7 11 5 9 6 4 4 7 4 0 10 5 21 6 4 10 4 7 0 5 1 6 2 4 3 1 3 0 4 8 0 2 11 1 0 4 5 6 10 0 5 
6 4 11 3 6 5 7 3 6 8 4 6 21 6 7 10 1 6 4 9 6 2 7 4 5 6 4 6 4 8 1 0 4 9 5 8 11 5 10 6 8 
1 0 0 2 1 14 11 14 15 17 3 1 4 1 20 6 14 14 15 2 15 23 19 16 13 14 27 17 15 16 15 14 0 17 15 20 0 13 5 15 21 
6 9 5 7 4 2 8 5 6 0 8 4 24 4 8 13 6 6 0 4 1 3 1 0 2 2 3 1 0 3 0 4 10 0 0 8 5 5 12 1 8 
3 7 6 5 1 3 1 3 0 2 5 2 27 2 2 16 1 0 0 5 1 5 4 1 0 1 2 1 0 2 1 4 6 2 0 2 6 4 16 1 3 
4 5 9 4 4 2 2 1 0 6 4 4 24 5 0 13 1 1 1 6 3 8 6 1 3 2 3 3 1 4 4 5 5 7 0 0 9 1 13 3 7 
2 9 0 2 8 12 9 12 12 15 3 8 3 2 18 4 11 12 13 1 13 21 17 14 12 12 25 14 12 14 13 12 9 15 12 18 0 12 4 13 19 
3 7 5 5 2 0 1 3 1 2 6 1 25 2 2 13 0 0 4 3 3 5 1 4 0 1 4 3 4 3 2 0 7 3 4 2 5 0 13 3 3 
13 20 10 12 6 13 3 11 5 12 13 6 10 12 4 0 4 4 5 11 7 13 14 7 9 9 16 7 4 8 2 3 19 13 6 4 10 4 0 5 11 
4 8 5 6 3 5 2 1 0 1 7 2 29 3 4 17 0 0 1 3 0 10 3 1 1 2 8 2 1 1 3 1 8 1 1 4 5 0 18 0 8 
9 12 6 11 7 13 6 11 6 5 11 7 35 7 7 24 5 5 6 7 8 6 4 7 10 6 8 9 7 9 6 5 12 5 5 6 7 8 25 8 0 
# indicator whether saturdays count as workdays (stored as 1 or 0 for "TRUE" or "FALSE", resp.) [SCIP_Bool workOnSaturdays]
0
# start date of planning period (stored as 4 integers: day, month, year, weekday) [date* startDate]
9 11 2020 0
# end date of planning period (stored as 4 integers: day, month, year, weekday) [date* endDate]
27 11 2020 4
# maximal number of delay events considered (in robust optimization) [int maxDelayEvents]
10
# number of workdays in planning period [int nDays]
5
# day properties (stored as 6 integers: index, shift_start, shift_end, break_start, break_end, break_length) [dayProperty* days]
0 21600 79200 39600 54000 1800
1 21600 79200 39600 54000 1800
2 21600 79200 39600 54000 1800
3 21600 79200 39600 54000 1800
4 21600 79200 39600 54000 1800
# day sizes (day, number of available customers on that day) [int* day_sizes]
0 12
1 18
2 12
3 16
4 22
# list of neighbor nodes of customers for each day in planning period [neighbor*** neighbors]
0 0 18 13 4 12 7 20 9 35 40 
0 4 27 2 33 3 4 37 23 8 16 22 1 18 31 15 36 25 5 28 9 30 40 
1 1 13 34 20 32 27 31 11 5 29 28 37 3 19 33 21 40 
1 4 3 37 23 8 16 18 31 15 36 25 5 28 9 30 40 
2 2 35 7 40 
2 4 27 0 33 3 4 37 23 8 16 22 15 1 18 31 36 25 5 28 9 30 40 
3 1 19 33 21 40 
3 4 27 0 33 4 37 23 8 16 22 1 18 31 15 36 25 5 28 9 30 40 
4 0 18 13 0 12 7 20 9 35 40 
4 4 0 33 3 37 23 8 16 22 1 18 31 15 36 25 5 28 9 30 40 
5 1 27 32 11 28 29 37 33 3 19 21 40 
5 4 18 1 15 36 28 9 30 40 
6 2 39 38 24 10 14 30 19 26 35 7 2 40 
6 3 34 23 24 32 17 10 38 29 12 39 15 16 25 40 
7 0 4 12 9 20 35 40 
7 2 35 2 40 
8 1 34 20 13 31 27 22 32 1 11 28 29 5 37 33 21 3 19 40 
8 4 33 0 3 16 23 37 22 4 18 31 1 15 25 36 28 30 9 5 40 
9 0 4 12 35 20 7 40 
9 4 18 1 15 36 30 28 5 40 
10 2 6 24 19 14 30 26 35 2 7 40 
10 3 32 24 23 17 38 12 29 39 15 25 16 40 
11 1 13 34 20 32 27 31 1 5 29 28 37 3 19 33 21 40 
11 3 34 26 32 24 23 6 10 17 38 12 29 39 15 25 16 40 
12 0 18 4 20 7 35 9 40 
12 3 38 29 15 39 16 25 40 
13 0 18 0 4 12 7 20 9 35 40 
13 1 34 20 32 27 8 31 22 11 1 5 29 28 37 3 19 33 21 40 
14 0 21 18 36 13 0 4 12 35 20 9 7 40 
14 2 24 30 19 26 35 7 2 40 
15 3 39 16 25 40 
15 4 3 8 23 16 37 18 31 1 36 25 28 5 9 30 40 
16 3 39 25 40 
16 4 33 0 3 8 23 37 22 4 31 18 1 15 25 36 28 30 9 5 40 
17 3 23 24 32 10 38 29 12 39 15 16 25 40 
17 4 27 33 0 2 3 8 16 23 37 22 4 18 31 1 15 25 36 28 30 9 5 40 
18 0 21 36 13 0 4 12 20 35 9 7 40 
18 4 3 23 8 37 16 31 1 15 25 36 28 9 30 5 40 
19 1 3 33 21 40 
19 2 24 14 30 26 35 2 7 40 
20 0 4 12 35 9 7 40 
20 1 34 13 27 8 31 22 32 1 11 28 29 5 37 33 21 3 19 40 
21 0 14 18 36 13 0 4 12 35 20 9 7 40 
21 1 33 3 19 40 
22 1 34 20 13 31 8 27 32 1 11 28 5 29 37 33 3 19 21 40 
22 4 33 0 3 37 8 23 16 4 31 18 1 15 25 36 9 30 28 5 40 
23 3 34 6 24 32 17 10 38 29 12 39 15 16 25 40 
23 4 33 0 3 37 8 16 22 4 18 31 1 15 25 36 28 30 9 5 40 
24 2 6 10 30 14 19 26 35 7 2 40 
24 3 34 23 6 32 17 10 38 29 12 39 15 25 16 40 
25 3 39 16 40 
25 4 23 16 18 1 15 36 28 30 9 5 40 
26 2 24 14 35 7 2 40 
26 3 34 11 23 6 24 32 17 10 38 29 12 39 15 16 25 40 
27 1 34 20 13 8 31 22 32 1 11 28 5 29 37 33 21 3 19 40 
27 4 17 33 0 2 3 23 8 16 37 22 4 18 31 1 15 25 36 28 5 9 30 40 
28 1 27 32 11 29 5 37 33 21 3 19 40 
28 4 18 1 15 36 30 9 5 40 
29 1 27 32 11 28 5 37 33 21 3 19 40 
29 3 38 12 39 15 16 25 40 
30 2 24 14 19 26 35 7 2 40 
30 4 18 1 15 36 9 28 5 40 
31 1 34 20 13 8 27 22 32 1 11 28 5 29 37 33 21 3 19 40 
31 4 3 37 16 8 23 18 1 15 25 36 28 30 9 5 40 
32 1 13 34 20 27 8 31 22 1 11 5 29 28 37 3 19 33 21 40 
32 3 34 24 23 6 10 17 38 29 12 39 15 25 16 40 
33 1 3 21 19 40 
33 4 27 0 2 3 22 37 8 23 16 4 31 18 1 15 25 36 9 30 28 5 40 
34 1 20 13 8 27 31 22 32 1 11 28 29 5 37 33 21 3 19 40 
34 3 26 11 23 6 24 32 17 10 38 29 12 39 15 25 16 40 
35 0 4 12 20 9 7 40 
35 2 7 2 40 
36 0 21 18 0 13 4 12 7 20 9 35 40 
36 4 23 16 15 1 18 25 5 28 9 30 40 
37 1 11 5 33 21 3 19 40 
37 4 33 0 3 23 8 16 22 4 31 18 1 15 25 36 28 30 9 5 40 
38 2 6 39 10 24 19 14 30 26 35 2 7 40 
38 3 24 23 32 10 17 12 29 15 39 16 25 40 
39 2 6 38 24 10 14 30 19 26 35 7 2 40 
39 3 15 25 16 40 
40 0 21 14 18 36 13 0 4 12 35 20 9 7 
40 1 20 34 13 31 8 27 22 32 1 11 29 28 5 37 21 33 3 19 
40 2 6 39 38 24 10 14 30 19 26 35 7 2 
40 3 26 34 11 6 23 24 32 17 10 38 29 12 39 15 16 25 
40 4 17 27 33 0 2 3 16 37 8 23 22 4 31 18 1 15 25 36 30 28 9 5 
