# number of customers + 1 (depot stored as last "customer") [int nC]
41
# customer IDs (depot gets ID -1) [int* customerIDs]
112522395 112530664 112524515 112521614 112504345 112505674 112513844 112513697 112513748 112522861 112511339 112517440 112501022 112501618 112526810 112505407 112508409 112513146 112519501 112519607 112516991 112502646 112508737 112500374 112519402 112519902 112519383 112501106 112516977 112517774 112506847 112526278 112502673 112524696 112521110 112509475 112518393 112527784 112529998 112504250 -1 
# time window lists for each real customer (number of elements followed by elements' contents (day,start_t,end_t,weight)) [modelWindow** timeWindows]
5 3 50400 61200 0.71 1 54000 57600 0.92 0 46800 57600 0.82 4 46800 54000 0.62 2 36000 39600 0.87 
5 2 46800 54000 0.51 4 32400 43200 0.85 1 36000 43200 0.84 0 32400 39600 0.73 3 54000 61200 0.67 
5 2 46800 54000 0.63 3 54000 57600 0.82 1 36000 46800 0.91 4 54000 57600 0.70 0 54000 57600 0.99 
5 1 50400 61200 0.86 4 39600 50400 0.83 3 54000 57600 0.44 0 50400 57600 0.99 2 32400 43200 0.86 
5 1 39600 50400 0.92 3 46800 57600 0.42 4 39600 46800 0.83 0 54000 61200 0.68 2 54000 61200 0.43 
5 3 46800 54000 0.93 4 32400 39600 0.47 0 39600 50400 0.50 1 54000 61200 0.47 2 43200 54000 0.95 
5 2 54000 57600 0.52 4 39600 43200 0.90 0 50400 54000 0.89 1 39600 50400 0.81 3 36000 39600 0.77 
5 4 50400 61200 0.51 2 46800 50400 0.79 0 43200 54000 0.89 1 46800 57600 0.59 3 32400 36000 0.43 
5 3 32400 36000 0.61 0 36000 39600 0.50 1 50400 54000 0.95 4 54000 61200 0.69 2 36000 46800 0.49 
5 1 32400 36000 0.99 3 43200 50400 0.64 0 43200 50400 0.60 2 50400 54000 0.55 4 43200 50400 0.69 
5 1 54000 57600 0.50 4 54000 61200 0.61 0 43200 46800 0.53 3 43200 46800 0.81 2 54000 57600 0.83 
5 3 39600 46800 0.57 2 50400 57600 0.84 4 50400 57600 0.85 1 36000 43200 0.90 0 43200 50400 0.44 
5 4 43200 50400 0.65 3 43200 54000 0.89 2 50400 54000 0.92 0 36000 46800 0.73 1 54000 57600 0.85 
5 0 54000 61200 0.88 3 36000 43200 0.46 2 36000 43200 0.50 4 39600 50400 0.78 1 43200 46800 0.68 
5 1 43200 46800 0.56 2 36000 39600 0.45 4 50400 54000 0.56 0 43200 54000 0.43 3 46800 50400 0.68 
5 4 43200 54000 0.47 3 32400 36000 0.84 1 43200 46800 0.43 0 46800 50400 0.70 2 54000 61200 0.77 
5 4 50400 54000 0.52 0 50400 57600 0.43 3 36000 43200 0.72 2 46800 54000 0.94 1 54000 61200 0.86 
5 2 50400 54000 0.60 0 54000 57600 0.52 1 36000 46800 0.96 3 54000 61200 0.55 4 46800 57600 0.81 
5 4 36000 46800 0.43 2 50400 61200 0.59 0 43200 54000 0.48 1 39600 43200 0.60 3 39600 46800 0.77 
5 3 50400 57600 0.57 0 50400 54000 0.40 4 54000 61200 0.89 2 36000 39600 0.91 1 54000 57600 0.91 
5 0 32400 43200 0.84 4 50400 57600 0.56 1 46800 57600 0.72 2 50400 61200 0.42 3 43200 50400 0.65 
5 0 36000 39600 0.58 1 43200 54000 0.68 3 36000 39600 0.86 2 36000 39600 0.80 4 46800 50400 0.96 
5 4 32400 36000 0.65 1 32400 43200 0.89 0 43200 54000 0.87 3 54000 61200 0.56 2 50400 54000 0.66 
5 4 50400 61200 0.40 0 46800 54000 0.57 1 32400 39600 0.73 3 32400 39600 0.70 2 46800 54000 0.42 
5 3 43200 54000 0.45 0 32400 43200 0.46 1 36000 39600 0.70 2 36000 39600 0.61 4 54000 61200 0.60 
5 3 36000 46800 0.64 1 54000 57600 0.41 0 43200 54000 0.40 4 36000 43200 0.55 2 36000 46800 0.53 
5 0 54000 57600 0.92 2 36000 46800 0.72 3 46800 50400 0.61 4 43200 50400 0.95 1 54000 57600 0.60 
5 3 54000 57600 0.90 4 50400 54000 0.53 0 43200 46800 0.64 1 54000 57600 0.45 2 39600 43200 0.92 
5 3 50400 54000 0.59 1 43200 46800 0.67 2 43200 54000 0.43 4 54000 61200 0.78 0 54000 57600 0.72 
5 0 43200 54000 0.48 3 46800 54000 0.55 4 50400 61200 0.95 2 32400 43200 0.94 1 46800 57600 0.61 
5 0 46800 54000 0.53 1 32400 43200 0.69 2 39600 43200 0.99 3 32400 39600 0.49 4 43200 54000 0.96 
5 1 36000 43200 0.98 4 46800 50400 0.41 0 39600 43200 0.76 2 54000 57600 0.41 3 36000 39600 0.86 
5 2 32400 36000 0.70 1 54000 61200 0.72 4 39600 50400 0.88 3 43200 46800 0.76 0 39600 50400 0.55 
5 2 54000 61200 0.53 3 50400 61200 0.70 0 54000 57600 0.46 1 46800 54000 0.45 4 50400 54000 0.96 
5 2 39600 50400 0.82 4 32400 43200 0.53 1 50400 57600 0.94 0 46800 50400 0.43 3 36000 46800 0.47 
5 4 46800 54000 0.79 3 46800 57600 0.76 0 39600 43200 0.48 1 36000 39600 0.48 2 46800 50400 0.77 
5 3 32400 39600 0.97 1 54000 61200 0.84 0 50400 61200 0.65 4 54000 57600 0.66 2 43200 54000 0.99 
5 0 54000 61200 0.99 2 54000 57600 0.76 1 36000 46800 0.76 4 39600 46800 0.72 3 50400 61200 0.55 
5 3 50400 61200 0.66 2 46800 57600 0.97 0 54000 61200 0.95 1 43200 50400 0.91 4 43200 54000 0.41 
5 4 54000 57600 0.40 3 50400 54000 0.56 1 32400 43200 0.89 0 54000 61200 0.58 2 36000 46800 0.70 
# objective function coefficients [SCIP_Real* obj]
200.369000 1063.918000 1092.105333 1092.654000 201.890333 242.022667 259.333333 536.013000 552.224333 1031.833000 177.537667 259.886000 1085.279000 511.962000 604.238000 1092.656000 164.543143 604.753000 311.655333 553.855333 578.087333 510.404000 517.617333 211.116333 578.579000 213.027000 215.950143 561.421333 272.787000 532.271333 1092.202333 1017.581000 1048.743000 523.573000 550.102333 1044.210000 1063.730000 317.697000 170.508000 522.339000 0.000000 
# shift start time [int shift_start]
21600
# shift end time [int shift_end]
79200
# service times at customers (depot has service time 0.0) [int* t_service]
120 120 240 60 120 60 240 240 60 180 300 60 120 180 120 240 240 300 180 180 180 240 120 180 240 180 240 240 180 180 240 180 300 240 240 60 300 120 180 180 0 
# max. deviation of service times at customers (depot again 0.0) [int* t_service_maxDev]
360 240 300 420 300 420 60 60 540 360 300 420 480 480 300 60 120 360 180 360 360 60 300 540 300 480 360 300 420 240 180 360 300 180 300 480 360 480 480 240 0 
# morning/AM travel time matrix between customers (incl. depot as last customer) [int** t_travelAM]
0 299 302 119 700 628 1023 1048 1043 150 499 136 656 810 236 644 588 1079 227 368 51 870 629 724 237 174 213 606 47 429 675 294 875 124 178 508 263 516 283 633 3267 
204 0 287 180 434 361 757 781 777 265 476 252 356 544 268 378 289 812 87 54 156 604 329 458 97 98 116 306 159 282 409 287 609 221 119 318 79 529 341 367 3252 
370 670 0 489 1071 998 1394 1418 1414 520 811 497 1027 1180 154 1015 959 1449 597 739 421 1241 999 1094 607 544 584 977 418 799 1045 173 1246 403 548 879 634 760 653 1004 3124 
123 250 351 0 684 612 1007 1032 1027 147 481 171 607 794 332 628 539 1063 138 279 74 854 579 708 148 110 125 557 78 422 659 351 859 165 59 420 256 534 260 618 3316 
664 468 795 590 0 166 481 505 500 632 647 712 170 267 776 152 326 536 493 562 616 327 366 77 503 585 521 203 619 334 133 796 333 713 530 471 587 700 609 134 3470 
612 416 740 538 186 0 509 534 529 580 595 660 334 296 721 143 270 565 441 507 564 356 311 210 451 533 469 288 567 282 161 740 361 661 478 416 532 647 557 34 3498 
532 331 757 509 374 301 0 24 19 568 583 580 407 251 738 318 340 55 411 526 484 270 380 398 421 504 440 357 487 247 349 757 265 581 448 431 486 636 546 307 3335 
605 404 830 582 447 374 126 0 145 641 656 653 481 324 811 391 413 31 485 599 557 343 453 471 494 577 513 431 560 320 422 830 338 654 521 504 559 709 619 380 3369 
543 342 768 520 385 313 11 4 0 579 594 591 419 262 749 329 351 35 423 537 495 281 392 409 433 515 451 369 498 258 360 768 276 592 459 442 497 647 557 318 3347 
164 328 446 133 743 670 1066 1090 1086 0 353 172 667 853 400 687 600 1121 217 358 131 913 640 767 227 228 203 617 128 509 718 447 918 260 137 442 344 406 133 676 3411 
444 562 727 400 804 810 1206 1230 1226 280 0 361 694 992 664 827 682 1261 483 592 412 1053 722 818 493 494 470 644 408 768 857 669 1058 541 404 429 617 96 149 816 3575 
147 363 430 183 764 692 1087 1112 1107 175 417 0 720 874 368 708 653 1143 291 432 115 934 693 788 301 238 277 670 111 493 739 416 940 244 242 570 327 444 196 698 3395 
737 535 822 663 166 316 631 655 651 705 645 785 0 418 803 303 453 686 566 589 688 478 493 180 576 633 594 32 692 484 283 822 483 756 602 304 614 697 607 285 3620 
637 447 796 563 249 294 245 269 265 605 620 685 357 0 777 281 377 300 466 563 588 60 417 196 476 558 494 389 592 312 261 796 65 686 502 468 588 672 582 263 3302 
216 515 169 335 916 844 1239 1264 1259 366 657 342 872 1026 0 860 805 1295 443 584 267 1086 845 940 453 390 429 822 263 645 891 77 1091 269 394 724 479 606 499 850 3119 
630 434 761 556 212 176 535 559 555 597 613 678 359 321 742 0 291 590 459 528 581 382 332 235 468 551 487 309 585 299 186 761 387 679 495 437 553 665 575 145 3524 
463 360 622 390 611 539 934 959 954 431 455 511 536 721 603 555 0 990 292 389 415 781 40 635 302 385 320 486 418 497 586 622 787 512 329 251 414 508 418 545 3587 
574 373 799 551 416 343 95 119 114 610 625 622 450 293 780 360 382 0 454 568 526 312 422 440 463 546 482 400 529 289 391 799 307 623 490 473 528 678 588 349 3338 
224 171 398 150 606 533 929 953 949 237 499 272 528 715 379 550 461 984 0 201 176 776 501 629 9 145 81 478 179 428 580 399 781 273 90 341 226 552 350 539 3363 
172 69 255 125 470 398 793 818 813 212 539 220 426 580 236 414 358 849 111 0 123 640 399 494 121 66 97 376 127 199 445 255 645 189 65 381 47 591 325 403 3220 
48 248 314 68 649 576 972 996 992 109 459 96 605 759 284 593 537 1027 175 317 0 819 578 673 185 122 162 555 3 378 624 315 824 128 127 457 212 476 242 582 3279 
652 462 811 579 309 353 260 285 280 620 635 700 417 60 792 341 392 316 481 578 604 0 432 256 491 574 509 410 607 328 322 811 5 701 518 483 603 688 598 323 3362 
423 319 582 349 571 498 894 919 914 391 415 471 495 681 563 515 428 950 252 349 375 741 0 595 262 344 280 445 378 456 546 582 746 472 289 211 374 468 377 504 3547 
709 513 841 636 84 211 492 517 512 677 692 757 160 279 822 198 371 548 538 608 661 339 411 0 548 631 566 193 664 379 178 841 344 758 575 464 633 745 655 180 3463 
244 192 418 171 626 553 949 973 969 258 519 292 548 736 399 570 481 1004 20 221 196 796 521 650 0 166 101 498 199 449 601 419 801 293 110 361 246 572 370 559 3383 
156 236 252 114 670 598 993 1018 1013 217 563 204 592 780 233 614 525 1049 124 265 108 840 565 694 134 0 110 542 111 412 645 253 845 187 86 406 246 584 346 603 3217 
191 180 365 117 614 541 937 962 957 204 507 239 536 724 346 558 469 993 68 209 142 784 509 638 78 112 0 486 146 437 589 365 789 240 56 349 234 560 317 547 3330 
706 502 790 635 216 366 681 705 701 677 617 755 50 468 771 353 420 736 538 557 658 528 461 230 548 600 566 0 662 534 333 790 533 724 575 276 582 670 580 335 3670 
44 252 318 71 653 580 976 1000 996 106 456 93 608 762 281 597 541 1031 179 320 3 823 581 676 189 126 166 558 0 381 627 318 828 132 130 461 216 472 239 586 3283 
428 215 641 393 357 284 680 705 700 480 575 476 391 467 621 301 323 736 295 473 380 527 363 381 305 388 323 341 383 0 332 641 532 477 332 423 382 627 537 290 3605 
654 458 785 580 153 155 476 501 496 622 637 702 301 263 766 142 316 532 483 552 605 323 356 177 493 575 511 333 609 323 0 785 328 703 519 461 577 689 599 124 3465 
285 584 192 404 985 913 1308 1333 1328 435 711 397 941 1095 71 929 874 1364 512 653 336 1155 914 1009 522 459 498 891 332 714 960 0 1161 339 463 793 548 624 568 919 3056 
647 457 806 573 314 348 255 280 275 615 630 695 422 65 787 346 387 311 476 573 599 4 427 261 486 568 504 404 602 322 326 806 0 696 513 478 598 682 592 328 3367 
120 343 300 155 743 671 1067 1091 1086 242 592 228 699 853 281 688 632 1122 270 411 132 913 672 767 280 217 257 649 135 472 718 300 919 0 214 552 306 608 375 677 3265 
169 191 343 60 625 553 948 973 968 147 481 217 548 735 324 569 480 1004 79 220 120 795 520 649 89 90 66 498 124 425 600 343 800 218 0 361 245 533 260 559 3308 
479 375 638 405 482 534 930 954 950 446 457 527 346 717 618 551 334 985 308 404 430 777 374 496 318 400 336 296 434 492 582 638 782 528 344 0 430 509 419 540 3602 
213 118 297 196 473 401 796 821 816 275 588 261 475 583 278 417 408 852 199 373 165 643 448 497 209 107 218 425 168 202 448 297 648 231 194 430 0 640 408 407 3262 
484 633 733 471 879 885 1280 1305 1300 351 125 385 769 1067 578 901 756 1336 554 663 452 1127 797 893 564 565 541 719 448 830 932 573 1132 581 475 504 664 0 223 891 3478 
295 413 577 251 825 753 1148 1173 1168 131 220 211 725 935 531 769 682 1204 334 443 263 995 722 849 344 345 320 675 259 641 800 578 1000 391 254 460 468 273 0 759 3542 
621 425 752 547 152 31 475 499 495 589 604 669 300 262 733 109 283 530 450 519 573 322 323 176 460 542 478 300 576 291 127 753 327 670 487 428 544 657 566 0 3464 
3461 3614 3349 3560 3521 3584 3336 3360 3355 3552 3703 3465 3629 3435 3387 3601 3623 3391 3668 3809 3492 3496 3663 3468 3678 3615 3655 3641 3489 3530 3592 3316 3501 3515 3619 3714 3705 3578 3637 3590 0 
# noon travel time matrix between customers (incl. depot as last customer) [int** t_travelNoon]
0 263 304 111 591 548 935 962 956 140 441 132 561 711 225 556 502 997 212 344 45 771 541 617 222 159 197 532 42 367 585 283 776 122 171 472 232 466 268 542 3208 
209 0 298 182 357 310 701 727 722 260 465 261 297 476 283 321 238 763 91 56 165 537 278 383 101 99 117 268 169 259 351 288 542 232 121 299 80 511 341 307 3201 
358 617 0 457 944 901 1288 1315 1309 498 763 478 914 1064 148 909 855 1350 565 697 404 1124 895 970 575 512 550 885 401 720 938 153 1129 370 517 825 585 666 626 895 3066 
116 242 351 0 591 548 935 961 956 140 422 167 539 710 337 555 480 997 142 274 72 771 520 617 152 112 127 510 75 367 585 342 776 161 60 402 232 468 249 541 3255 
622 437 787 553 0 153 467 493 488 585 610 674 125 243 773 142 313 529 459 545 579 303 352 72 469 549 485 157 582 312 124 777 308 675 492 391 569 656 571 123 3198 
580 395 745 511 165 0 509 535 530 543 567 632 268 284 730 140 266 571 417 503 536 345 306 191 427 507 443 296 540 270 158 735 350 632 450 403 527 614 528 34 3259 
490 318 733 478 346 303 0 26 21 543 567 542 389 244 716 310 330 61 404 503 446 262 369 372 414 494 430 360 450 242 340 723 257 542 437 403 448 614 528 296 3095 
570 398 813 559 426 383 133 0 154 623 647 622 469 324 796 390 410 35 484 583 526 342 450 452 494 574 510 440 530 322 420 803 338 622 517 483 528 694 609 377 3137 
501 329 744 490 357 314 11 5 0 554 578 553 400 255 727 321 341 40 415 514 458 273 381 383 425 505 441 371 461 253 351 734 269 554 448 414 459 625 540 308 3106 
149 313 431 126 633 588 977 1003 998 0 301 164 575 753 374 597 516 1039 213 345 119 813 556 659 223 224 199 546 116 441 627 421 818 243 131 412 306 347 128 584 3334 
419 544 701 384 706 700 1089 1115 1110 270 0 343 601 865 611 709 628 1151 471 576 389 925 668 721 481 481 456 586 386 659 739 618 930 513 389 388 576 89 141 696 3435 
134 322 416 170 650 607 994 1020 1015 164 364 0 620 770 345 614 560 1056 271 402 104 830 600 676 281 217 256 591 101 426 644 384 835 228 230 530 291 395 191 601 3301 
679 517 815 608 104 242 556 583 577 640 601 731 0 332 801 231 402 618 514 573 635 392 442 119 524 604 540 31 639 402 214 805 397 731 547 266 597 647 562 212 3288 
619 438 782 548 222 279 256 282 277 580 605 671 317 0 768 267 367 318 454 540 575 60 407 177 464 544 480 349 579 313 250 772 65 671 487 440 564 651 566 248 3071 
209 473 160 321 801 758 1145 1171 1166 350 614 329 771 921 0 765 711 1207 422 553 255 981 751 827 432 368 407 742 252 577 795 74 986 265 381 681 442 542 478 752 3048 
599 413 763 529 191 172 535 561 556 561 586 650 295 311 749 0 289 597 435 521 555 371 329 217 445 525 461 319 558 289 185 753 376 651 468 421 545 632 547 142 3285 
458 335 621 387 516 472 860 887 881 419 452 509 459 636 606 481 0 922 293 379 414 696 39 542 303 383 319 430 417 430 510 611 701 510 326 236 403 499 413 467 3524 
535 362 777 523 390 347 97 124 118 587 612 586 434 289 760 355 374 0 448 547 491 307 414 417 458 539 474 405 494 286 384 767 302 587 482 447 492 658 573 341 3102 
218 159 407 147 516 470 860 887 881 226 489 270 457 636 393 481 397 922 0 191 174 696 437 542 9 143 79 428 178 394 510 397 701 270 86 319 215 536 335 467 3311 
175 67 264 126 395 352 739 766 760 204 486 227 365 515 250 360 306 801 113 0 132 575 345 421 123 65 98 336 135 171 389 254 580 198 65 361 46 533 313 346 3167 
43 218 312 65 545 502 890 916 911 103 405 95 515 665 269 510 456 951 166 298 0 725 496 572 176 113 152 486 3 321 539 302 731 124 126 426 186 430 231 496 3215 
636 455 799 565 283 339 273 299 294 597 622 688 378 60 785 328 384 335 471 557 592 0 424 238 481 561 497 409 596 330 311 789 5 688 504 457 581 668 583 309 3132 
418 295 581 347 476 432 821 847 842 379 413 470 419 596 567 441 360 882 253 339 374 656 0 503 263 343 279 390 378 391 470 571 662 470 286 196 363 459 374 427 3484 
667 482 832 598 84 198 440 466 461 630 654 719 140 215 817 187 358 502 504 590 623 276 397 0 514 594 530 171 627 357 169 822 281 719 537 406 614 701 616 168 3171 
238 179 428 167 536 490 880 907 901 246 510 290 477 656 413 501 417 942 20 211 194 716 457 563 0 163 99 448 198 414 530 418 722 290 106 339 236 556 355 487 3331 
154 225 264 114 583 536 927 953 948 214 507 206 523 702 249 547 464 989 126 258 110 763 503 609 136 0 111 494 114 374 576 254 768 198 86 386 239 540 334 533 3167 
187 169 376 116 526 479 870 896 891 195 477 239 466 645 362 490 407 932 69 201 143 706 447 552 79 112 0 437 146 404 520 366 711 239 55 329 225 523 303 476 3279 
648 485 784 577 133 271 585 612 606 610 570 700 29 361 769 260 402 647 483 541 605 421 442 148 493 574 509 0 608 431 243 774 426 701 517 235 566 617 532 241 3317 
40 221 315 68 548 505 893 919 914 100 401 92 518 668 266 513 459 954 169 301 3 728 499 575 179 116 155 489 0 324 542 305 734 127 129 429 189 426 228 499 3218 
388 202 630 376 307 264 651 678 672 448 537 440 359 427 613 272 300 713 288 453 344 487 339 334 298 379 314 330 347 0 301 621 493 440 322 373 345 583 498 258 3401 
618 433 783 548 131 149 475 501 496 581 605 670 235 251 768 137 308 537 454 540 574 311 348 157 464 545 480 266 578 308 0 773 316 670 488 441 565 651 566 118 3225 
267 531 181 379 859 816 1203 1229 1224 408 638 369 829 979 71 823 770 1265 480 612 313 1039 809 885 490 427 465 800 310 635 853 0 1044 323 439 740 500 525 536 810 2996 
631 450 794 560 287 344 268 294 289 592 616 683 382 65 779 332 379 330 466 552 587 4 419 242 476 556 492 409 590 325 315 784 0 683 499 452 576 663 578 313 3136 
120 313 305 153 640 597 985 1011 1006 233 534 224 610 760 271 605 551 1046 261 393 129 820 591 667 271 208 247 581 132 416 634 295 826 0 214 521 281 559 361 591 3208 
167 181 356 60 538 492 882 909 903 139 421 219 479 658 342 503 419 944 82 213 123 718 459 565 92 92 67 450 127 387 532 346 724 219 0 341 238 468 248 489 3260 
459 336 622 388 410 473 862 888 883 420 443 511 305 637 608 482 332 923 294 380 415 697 372 425 304 384 320 290 419 432 511 612 703 511 327 0 404 490 404 468 3525 
221 116 309 209 402 359 747 773 768 281 580 272 414 522 295 367 355 808 202 366 177 582 394 429 212 110 222 385 180 178 396 299 588 244 197 410 0 607 409 353 3213 
443 606 692 446 769 764 1153 1179 1174 332 113 359 665 928 557 773 692 1214 533 638 413 988 731 785 543 527 518 650 410 723 802 528 994 537 451 452 600 0 205 759 3345 
277 402 559 242 696 671 1060 1086 1081 128 173 201 591 836 503 680 599 1122 329 434 247 896 639 711 339 339 314 576 244 569 710 550 901 371 247 378 434 219 0 667 3463 
587 402 752 518 130 30 475 501 496 550 574 639 234 250 737 106 277 536 424 510 543 310 317 157 433 514 449 266 547 277 124 742 316 639 457 410 534 621 535 0 3224 
3249 3129 3093 3289 3016 3113 2864 2890 2885 3327 3378 3249 3111 2951 3156 3115 3141 2925 3215 3313 3257 3011 3180 2971 3225 3305 3241 3143 3261 3052 3098 3084 3016 3304 3248 3214 3259 3306 3339 3096 0 
# afternoon/PM travel time matrix between customers (incl. depot as last customer) [int** t_travelPM]
0 284 305 113 628 578 1008 1036 1031 145 488 139 654 759 227 586 565 1072 228 386 47 818 605 654 238 170 210 620 44 387 619 285 823 123 174 509 242 513 278 575 3461 
213 0 296 183 405 354 785 812 807 264 558 269 370 535 280 363 280 848 90 56 167 594 320 430 100 101 116 335 171 266 396 285 599 230 121 315 81 622 348 351 3451 
369 647 0 470 992 942 1372 1400 1394 514 801 490 1018 1123 154 950 928 1435 591 749 416 1181 968 1018 601 534 574 983 413 751 983 159 1186 378 530 872 605 714 647 938 3324 
125 271 359 0 632 582 1012 1040 1035 143 466 181 639 763 343 590 550 1075 147 305 80 821 590 658 157 114 129 605 83 391 623 348 827 168 60 427 245 530 256 578 3514 
651 467 850 597 0 158 504 532 526 627 789 707 128 255 834 146 321 567 502 610 606 313 361 74 512 596 528 161 609 327 129 839 319 701 536 446 602 853 689 128 3605 
605 421 803 551 173 0 553 580 575 580 742 661 278 304 788 143 272 616 456 564 559 362 312 199 466 550 482 312 563 281 164 793 367 655 490 415 556 806 643 34 3674 
503 336 743 488 353 303 0 27 22 565 732 559 431 250 728 311 341 63 421 553 458 268 381 379 431 512 447 396 461 245 344 733 263 553 455 423 454 796 633 300 3486 
586 419 826 572 436 386 137 0 159 648 815 642 514 333 811 394 424 35 504 637 541 351 464 462 514 596 530 479 544 329 427 816 346 636 538 506 538 879 716 383 3531 
514 347 755 500 365 314 11 5 0 577 743 570 442 261 739 323 353 40 432 565 469 279 392 390 442 524 458 408 472 257 356 744 275 564 466 434 466 807 644 311 3497 
162 344 447 128 685 634 1065 1092 1087 0 342 179 652 816 389 643 562 1128 219 377 131 874 602 710 229 228 201 617 128 471 676 436 879 256 132 440 326 406 132 631 3601 
440 592 725 393 787 758 1188 1216 1210 278 0 356 677 939 628 766 686 1251 484 625 409 997 726 801 494 493 466 661 406 714 799 669 1002 534 397 403 604 112 147 754 3676 
139 345 424 174 689 639 1069 1097 1092 169 406 0 715 820 353 647 626 1133 289 447 108 879 665 715 299 231 271 681 105 448 680 394 884 233 235 570 303 430 197 636 3507 
745 561 911 692 110 253 598 626 621 721 806 801 0 349 895 240 415 661 596 671 700 407 455 124 606 690 622 33 703 421 223 900 413 795 630 329 696 870 733 222 3699 
660 475 852 600 235 288 281 309 303 629 791 715 324 0 837 275 401 344 505 613 614 58 441 182 515 599 531 358 618 335 258 842 63 709 539 482 611 855 692 258 3473 
214 498 168 328 843 792 1223 1250 1245 359 646 335 869 974 0 801 779 1286 442 600 262 1032 819 869 452 385 425 834 258 601 834 74 1037 269 388 723 456 580 492 789 3308 
623 439 822 570 197 174 577 605 600 599 761 679 303 328 806 0 293 641 474 582 578 387 333 223 484 568 500 337 581 299 188 811 392 673 508 436 575 825 662 144 3699 
500 394 673 421 566 515 946 973 968 450 621 556 533 696 657 524 0 1009 326 434 454 755 39 591 335 420 352 498 458 471 557 663 760 550 359 259 458 685 513 512 3829 
551 383 791 536 401 350 101 129 124 613 780 606 478 297 775 359 389 0 469 601 505 316 429 427 479 560 495 444 509 293 392 780 311 600 503 470 502 844 680 347 3496 
227 184 410 148 585 535 965 993 987 230 553 283 552 716 394 543 463 1028 0 217 182 774 503 611 9 147 79 518 185 428 576 399 779 277 87 340 242 617 343 531 3565 
179 78 262 126 423 372 803 830 825 208 531 234 448 554 246 381 359 866 117 0 133 612 399 448 127 67 100 414 137 181 414 251 617 196 65 388 47 595 321 369 3417 
45 236 315 66 581 530 961 988 983 107 450 101 606 712 273 539 517 1024 180 338 0 770 557 606 190 123 163 572 3 339 572 304 775 125 126 461 194 475 240 527 3471 
670 486 863 611 299 352 291 319 314 640 802 726 389 64 847 339 411 355 515 623 625 0 451 246 525 609 541 422 628 346 323 852 5 720 549 492 621 866 703 322 3537 
460 355 633 381 526 475 906 933 928 410 581 516 493 657 617 484 403 969 286 394 414 715 0 551 296 380 312 458 418 431 517 623 720 510 320 219 418 645 473 472 3789 
703 519 901 649 86 210 476 504 499 678 840 758 142 227 885 197 373 539 554 662 657 285 413 0 564 648 580 175 661 378 180 891 291 752 588 460 654 904 741 180 3577 
248 205 430 168 605 555 985 1013 1008 250 573 303 572 736 414 563 483 1048 20 238 202 794 523 631 0 167 99 538 206 448 596 419 800 297 107 360 262 637 363 551 3586 
163 259 262 119 637 587 1017 1045 1040 225 555 219 627 768 247 595 537 1080 134 292 118 826 577 663 144 0 116 592 121 396 628 252 832 197 89 415 251 593 345 584 3418 
196 197 378 117 597 547 977 1005 1000 198 522 252 565 728 363 555 475 1041 72 230 150 787 515 623 82 116 0 530 154 429 588 368 792 246 56 353 255 585 312 544 3534 
755 581 877 676 144 287 633 660 655 705 773 811 34 384 861 274 438 696 581 637 709 442 477 159 590 675 607 0 713 456 258 866 447 805 614 296 662 837 701 257 3733 
42 239 318 69 584 533 964 992 986 104 446 97 610 715 269 542 520 1027 183 341 3 773 560 610 193 126 166 575 0 343 575 308 778 128 129 464 197 471 237 530 3474 
404 219 644 389 326 276 706 734 729 466 713 459 406 457 628 284 316 769 305 491 358 515 356 352 315 399 331 371 362 0 317 633 521 453 339 404 355 777 563 273 3799 
645 461 844 591 137 152 517 544 539 621 783 701 242 268 828 140 315 580 496 604 600 326 355 163 506 590 522 276 603 321 0 833 331 695 530 458 596 847 683 122 3638 
273 557 186 387 902 852 1282 1310 1304 419 686 376 928 1033 71 860 838 1345 501 659 321 1091 878 928 511 444 484 893 318 661 893 0 1096 328 447 782 515 572 549 848 3249 
665 481 858 605 302 354 286 314 309 635 797 720 391 69 842 342 406 349 510 618 619 4 446 249 520 604 536 425 623 341 325 847 0 715 544 487 616 861 697 324 3539 
125 335 308 158 680 629 1060 1087 1082 243 585 236 706 811 271 638 616 1123 279 437 135 869 656 706 289 222 262 671 138 438 671 298 874 0 218 560 293 610 375 626 3464 
176 211 358 61 612 561 992 1019 1014 142 466 231 579 743 342 570 489 1055 86 244 130 801 529 637 96 95 69 544 134 408 603 347 806 225 0 367 263 529 256 558 3514 
504 399 677 425 442 519 930 958 953 454 580 560 332 681 661 528 342 994 330 438 458 740 381 457 340 424 356 316 462 475 555 667 745 554 364 0 462 644 508 516 3833 
223 127 306 209 426 376 806 834 829 286 628 279 497 557 290 384 408 869 213 399 178 615 448 452 222 112 229 463 181 185 417 296 621 240 201 437 0 653 418 373 3462 
460 665 744 466 878 849 1279 1307 1301 351 145 373 768 1030 589 857 777 1342 557 698 430 1088 817 892 567 553 539 752 427 770 890 576 1094 555 470 494 624 0 238 845 3564 
292 444 577 245 770 720 1150 1178 1173 130 209 208 663 901 520 728 648 1214 336 477 262 960 688 788 346 345 318 648 258 601 761 566 965 387 249 389 456 273 0 717 3689 
614 430 813 560 139 30 519 546 541 590 752 670 244 270 797 109 284 582 465 573 569 328 324 164 475 559 491 278 572 290 130 802 333 664 499 427 565 816 652 0 3640 
3391 3365 3274 3481 3257 3332 3083 3111 3105 3476 3629 3394 3347 3187 3319 3341 3371 3146 3450 3583 3414 3245 3410 3204 3460 3537 3476 3380 3411 3275 3337 3273 3250 3446 3484 3452 3484 3483 3567 3329 0 
# average travel time matrix between customers (incl. depot as last customer) [int** t_travel]
0 282 304 115 640 585 989 1016 1010 145 476 136 624 760 230 596 552 1050 223 366 48 820 592 665 233 168 207 586 45 395 627 288 825 123 175 497 246 499 277 584 3312 
209 0 294 182 399 342 748 774 769 263 500 261 341 519 277 354 269 808 90 56 163 579 309 424 100 100 117 303 167 269 386 287 584 228 121 311 80 554 344 342 3302 
366 645 0 472 1003 947 1352 1378 1373 511 792 489 987 1123 152 958 914 1412 585 729 414 1182 954 1028 595 530 570 949 411 757 989 162 1187 384 532 859 608 714 642 946 3172 
122 255 354 0 636 581 985 1011 1006 144 457 173 595 756 338 591 523 1045 143 286 76 816 563 661 153 112 127 558 79 394 623 347 821 165 60 417 245 511 255 579 3362 
646 458 811 580 0 159 484 510 505 615 682 698 141 255 795 147 320 544 485 573 601 315 360 75 495 577 512 174 604 325 129 804 320 697 520 436 586 737 623 129 3425 
599 411 763 534 175 0 524 550 545 568 635 651 294 295 747 142 270 584 438 525 553 355 310 200 448 530 465 299 557 278 161 756 360 650 473 412 539 689 576 34 3477 
509 329 745 492 358 303 0 26 21 559 628 561 409 249 728 313 337 60 412 528 463 267 377 383 422 504 439 371 466 245 345 738 262 559 447 419 463 682 569 301 3306 
587 407 823 571 437 381 132 0 153 638 706 639 488 327 806 392 416 34 491 607 542 346 456 462 501 583 518 450 545 324 423 817 341 638 526 498 542 761 648 380 3346 
520 340 756 504 369 314 11 5 0 570 639 572 421 260 739 325 349 39 424 539 474 278 389 394 434 515 450 383 477 256 356 749 274 570 458 430 474 693 581 313 3317 
159 329 442 129 687 631 1036 1062 1057 0 332 172 632 808 388 643 560 1096 217 360 127 867 600 712 227 227 201 594 124 474 674 435 872 253 134 432 326 387 131 631 3449 
435 566 718 393 766 756 1161 1187 1182 276 0 354 658 932 635 768 666 1221 480 598 404 992 706 780 490 490 464 631 400 714 799 652 997 530 397 407 599 99 146 756 3562 
140 344 424 176 701 646 1050 1077 1072 170 396 0 685 822 356 657 613 1111 284 427 109 881 653 727 294 229 268 648 106 456 688 398 887 235 236 557 307 423 195 645 3401 
721 538 850 655 127 271 595 622 617 689 684 773 0 367 833 258 424 655 559 611 675 426 464 141 569 643 586 32 678 436 240 843 431 761 593 300 636 738 634 240 3536 
639 454 810 571 236 287 261 287 282 605 672 691 333 0 794 275 382 321 475 572 593 60 422 185 485 567 502 366 597 320 257 804 65 689 510 464 588 726 614 257 3282 
213 496 166 328 854 798 1203 1229 1224 359 639 336 838 974 0 809 765 1263 436 579 262 1033 805 879 446 381 421 800 258 608 840 75 1038 268 388 710 459 576 490 797 3159 
618 429 782 552 200 174 549 575 571 586 654 669 319 320 766 0 291 610 456 544 572 380 332 225 466 548 483 322 575 296 187 775 385 668 491 432 558 708 595 144 3503 
474 363 639 400 565 509 914 940 935 434 510 526 510 685 622 520 0 974 304 401 428 744 40 590 314 396 331 472 431 466 551 632 750 524 338 249 425 564 448 508 3647 
554 373 789 537 403 347 98 124 119 604 673 605 454 293 772 358 382 0 457 572 508 312 422 428 467 549 484 417 511 290 389 782 307 604 492 464 508 727 614 346 3312 
223 172 405 149 569 513 918 945 939 231 514 275 513 689 389 525 441 978 0 203 178 749 481 594 9 145 80 475 181 417 556 399 754 274 88 334 228 569 343 513 3413 
176 72 261 126 430 374 779 805 800 208 519 227 413 550 244 385 341 839 114 0 130 609 381 455 124 66 99 376 133 184 416 254 614 195 65 377 47 573 320 373 3268 
46 234 314 67 592 536 941 967 962 107 438 98 576 712 276 548 504 1001 174 318 0 772 544 617 184 120 159 538 3 346 579 307 777 126 127 448 198 461 238 535 3322 
653 468 825 585 297 348 275 301 296 619 687 705 395 62 808 336 396 336 489 586 607 0 436 247 499 582 516 414 611 335 319 818 5 703 524 478 602 741 628 318 3344 
434 323 599 359 525 469 874 900 895 394 470 486 469 645 583 480 397 934 264 361 388 704 0 550 274 356 291 431 392 426 511 592 710 484 299 209 385 524 408 468 3607 
693 505 858 628 85 207 470 496 491 662 729 745 148 241 842 194 368 530 532 620 647 300 407 0 542 625 559 180 651 372 176 852 306 743 567 444 634 784 671 176 3404 
244 192 426 169 589 533 938 965 960 252 534 295 533 710 409 545 461 998 20 224 198 769 501 615 0 166 100 495 201 437 576 419 775 294 108 354 248 589 363 533 3434 
158 240 260 116 630 574 979 1006 1001 219 542 210 581 750 243 586 509 1040 128 272 112 810 549 656 138 0 113 543 116 394 617 253 815 194 87 403 246 573 342 574 3268 
192 182 373 117 579 523 928 955 950 199 502 244 523 699 357 535 451 989 70 214 145 759 491 605 80 114 0 485 149 424 566 367 764 242 56 344 238 556 311 523 3381 
703 523 817 630 165 308 633 659 654 664 654 756 38 405 801 296 420 693 534 579 658 464 460 179 544 617 561 0 661 474 278 810 469 744 569 269 604 708 605 278 3574 
42 238 317 70 595 540 945 971 966 104 435 94 579 715 272 551 507 1004 177 321 3 775 547 621 187 123 163 541 0 350 582 311 780 129 130 452 201 457 235 539 3325 
407 212 639 386 330 275 679 706 701 465 609 459 386 451 621 286 313 740 296 473 361 510 353 356 306 389 323 348 364 0 317 632 516 457 331 400 361 663 533 274 3602 
639 451 804 573 141 152 490 516 511 608 675 691 260 261 788 140 313 550 478 566 593 320 353 166 488 570 505 292 597 318 0 797 325 690 513 454 580 729 616 122 3443 
275 558 187 390 916 861 1265 1291 1286 421 679 381 900 1036 71 871 828 1325 498 642 324 1095 867 941 508 444 483 862 320 670 902 0 1101 330 450 772 521 574 551 859 3101 
648 463 820 580 301 349 270 296 291 614 681 700 399 67 803 340 391 330 484 581 602 4 431 251 494 576 511 413 605 330 322 813 0 698 519 473 597 736 623 322 3348 
122 331 305 156 688 633 1038 1063 1058 240 571 230 672 808 275 644 600 1097 270 414 132 868 640 714 280 216 256 634 135 442 675 298 873 0 216 545 294 593 371 632 3313 
171 195 353 61 592 536 941 967 962 143 456 223 536 712 336 548 463 1001 83 226 125 772 503 617 93 93 68 498 129 407 579 346 777 221 0 357 249 510 255 536 3361 
481 370 646 406 445 509 908 934 929 440 494 533 328 679 629 521 336 968 311 408 435 738 376 460 321 403 338 301 439 467 550 639 744 531 345 0 432 548 444 508 3654 
219 121 304 205 434 379 783 810 805 281 599 271 462 554 288 390 391 843 205 380 174 614 430 460 215 110 223 425 177 189 421 298 619 239 198 426 0 634 412 378 3313 
463 635 723 461 842 833 1238 1264 1259 345 128 373 734 1009 575 844 742 1298 548 667 432 1068 782 857 558 549 533 707 429 775 875 559 1074 558 466 484 630 0 222 832 3463 
288 420 571 246 764 715 1120 1146 1141 130 201 207 660 891 518 726 643 1180 333 452 258 951 683 783 343 343 318 633 254 604 757 565 956 383 250 409 453 255 0 715 3565 
608 419 773 542 141 31 490 516 511 577 644 660 260 261 756 108 282 550 447 534 562 320 322 166 456 539 473 282 565 286 127 766 326 658 481 422 548 698 585 0 3443 
3367 3370 3239 3444 3265 3343 3095 3121 3115 3452 3570 3370 3363 3191 3288 3353 3379 3154 3445 3569 3388 3251 3418 3215 3455 3486 3458 3388 3387 3286 3343 3225 3256 3422 3451 3460 3483 3456 3515 3339 0 
# max. deviation of (average) travel time matrix between customers (incl. depot as last customer) [int** t_travel_maxDev]
0 17 1 4 60 43 34 32 33 5 23 3 32 50 6 48 36 29 5 20 3 50 37 59 5 6 6 34 2 34 48 6 50 1 3 12 17 17 6 49 149 
4 0 4 1 35 19 37 38 38 2 58 8 29 25 6 24 20 40 1 0 4 25 20 34 1 1 0 32 4 13 23 1 25 4 0 7 1 68 4 25 149 
4 25 0 17 68 51 42 40 41 9 19 8 40 57 2 57 45 37 12 20 7 59 45 66 12 14 14 34 7 42 56 11 59 19 16 20 26 46 11 58 152 
3 16 5 0 48 31 27 29 29 3 24 8 44 38 5 37 27 30 4 19 4 38 27 47 4 2 2 47 4 28 36 4 38 3 0 10 11 23 5 39 152 
18 10 39 17 0 7 20 22 21 17 107 14 29 12 39 5 6 23 17 37 15 12 6 2 17 19 16 29 15 9 4 35 13 16 16 35 16 116 66 5 180 
13 10 40 17 11 0 29 30 30 12 107 10 40 9 41 1 2 32 18 39 11 7 2 10 18 20 17 13 10 4 3 37 7 11 17 4 17 117 67 0 197 
23 7 12 17 16 0 0 1 1 9 104 19 22 2 10 5 4 3 9 25 21 3 4 15 9 8 8 25 21 2 4 19 3 22 8 12 23 114 64 6 180 
18 12 7 11 10 5 5 0 6 10 109 14 26 6 5 2 8 1 13 30 15 5 8 9 13 13 12 29 15 5 4 13 5 16 12 8 17 118 68 3 185 
23 7 12 16 16 0 0 0 0 9 104 19 21 2 10 4 4 1 8 26 21 3 3 15 8 9 8 25 21 2 4 19 2 22 8 12 23 114 63 5 180 
5 15 5 4 56 39 30 30 30 0 21 7 35 45 12 44 40 32 2 17 4 46 40 55 2 1 2 23 4 35 44 12 46 7 3 10 18 19 2 45 152 
9 26 9 7 38 54 45 43 44 4 0 7 36 60 29 59 20 40 4 27 8 61 20 38 4 4 6 30 8 54 58 17 61 11 7 22 18 13 3 60 114 
7 19 6 7 63 46 37 35 35 5 21 0 35 52 12 51 40 32 7 20 6 53 40 61 7 9 9 33 5 37 51 18 53 9 6 13 20 21 2 53 106 
24 23 61 37 39 45 36 33 34 32 122 28 0 51 62 45 29 31 37 60 25 52 29 39 37 47 36 1 25 48 43 57 52 34 37 29 60 132 99 45 163 
21 21 42 29 13 7 20 22 21 24 119 24 24 0 43 6 19 23 30 41 21 0 19 11 30 32 29 23 21 15 4 38 0 20 29 18 23 129 78 6 191 
3 19 3 7 62 46 36 35 35 7 18 6 34 52 0 51 40 32 7 21 5 53 40 61 7 9 8 34 5 37 51 2 53 1 6 14 20 30 9 53 149 
12 10 40 18 12 2 28 30 29 13 107 10 40 8 40 0 2 31 18 38 9 7 1 10 18 20 17 15 10 3 1 36 7 11 17 5 17 117 67 1 196 
26 31 34 21 46 30 32 33 33 16 111 30 26 36 35 35 0 35 22 33 26 37 0 45 21 24 21 26 27 31 35 31 37 26 21 10 33 121 65 37 182 
20 10 10 14 13 3 3 5 5 9 107 17 24 4 8 2 7 0 12 29 18 4 7 12 12 11 11 27 18 3 3 17 4 19 11 9 20 117 66 3 184 
4 12 5 1 37 22 47 48 48 6 39 8 39 27 5 25 22 50 0 14 4 27 22 35 0 2 1 43 4 11 24 0 27 3 2 7 14 48 7 26 152 
3 6 3 0 40 24 24 25 25 4 20 7 35 30 6 29 18 27 3 0 3 31 18 39 3 1 1 38 4 15 29 1 31 3 0 11 0 22 5 30 149 
2 14 1 1 57 40 31 29 30 2 21 3 30 47 8 45 33 26 6 20 0 47 34 56 6 3 4 34 0 32 45 8 47 2 0 13 14 15 4 47 149 
17 18 38 26 12 5 16 18 18 21 115 21 22 2 39 5 15 19 26 37 18 0 15 9 26 27 25 8 17 11 4 34 0 17 25 14 19 125 75 5 193 
26 32 34 22 46 29 32 33 33 16 111 30 26 36 34 35 31 35 22 33 26 37 0 45 22 24 21 27 26 30 35 31 36 26 21 10 33 121 65 36 182 
16 14 43 21 1 4 22 21 21 16 111 13 12 38 43 4 5 18 22 42 14 39 6 0 22 23 21 13 13 7 4 39 38 15 21 20 20 120 70 4 173 
4 13 4 2 37 22 47 48 48 6 39 8 39 26 5 25 22 50 0 14 4 27 22 35 0 1 1 43 5 12 25 0 26 3 2 7 14 48 7 26 152 
5 19 4 3 40 24 38 39 39 6 21 9 46 30 6 28 28 40 6 20 6 30 28 38 6 0 3 49 5 18 28 1 30 4 2 12 5 20 4 29 150 
4 15 5 0 35 24 49 50 50 5 20 8 42 29 6 23 24 52 2 16 5 28 24 33 2 2 0 45 5 13 23 1 28 4 0 9 17 29 6 24 153 
52 58 60 46 51 58 48 46 47 41 119 55 12 63 60 57 18 43 47 58 51 64 17 51 46 58 46 0 52 60 55 56 64 61 45 27 58 129 96 57 159 
2 14 1 1 58 40 31 29 30 2 21 3 31 47 9 46 34 27 6 20 0 48 34 55 6 3 3 34 0 31 45 7 48 3 0 12 15 15 4 47 149 
21 7 5 7 27 9 27 28 28 15 104 17 20 16 7 15 10 29 9 18 19 17 10 25 9 10 8 23 19 0 15 9 16 20 8 23 21 114 30 16 197 
15 10 40 18 12 3 27 28 28 14 108 11 41 7 40 2 3 30 18 38 12 6 3 11 18 20 17 41 12 5 0 36 6 13 17 7 16 118 67 2 195 
10 26 5 14 69 52 43 42 42 14 32 16 41 59 0 58 46 39 14 17 12 60 47 68 14 15 15 31 12 44 58 0 60 9 13 21 27 50 17 60 148 
17 18 38 25 13 5 16 18 18 21 116 20 23 2 39 6 15 19 26 37 17 0 15 10 26 28 25 12 18 11 4 34 0 17 25 14 19 125 74 6 191 
3 12 3 2 55 38 29 28 28 3 21 6 34 45 6 44 32 26 9 23 3 45 32 53 9 6 6 37 3 30 43 2 46 0 2 15 12 17 4 45 151 
5 16 5 0 33 25 51 52 52 4 25 8 43 31 6 22 26 54 3 18 5 29 26 32 3 2 1 46 5 18 24 1 29 4 0 10 14 23 5 23 153 
23 29 31 19 37 25 22 24 24 14 86 27 18 38 32 30 6 26 19 30 23 39 5 36 19 21 18 15 23 25 32 28 38 23 19 0 30 96 64 32 179 
4 6 5 4 39 22 23 24 24 5 29 8 35 29 7 27 17 26 8 19 4 29 18 37 7 2 6 38 4 13 27 1 29 5 3 11 0 19 6 29 149 
21 30 21 10 37 52 42 43 42 6 17 12 35 58 14 57 35 44 9 31 20 59 35 36 9 16 8 45 19 55 57 17 58 23 9 20 34 0 16 59 101 
7 24 6 5 61 38 30 32 32 1 19 4 65 44 13 43 39 34 3 25 5 44 39 66 3 2 2 42 5 37 43 13 44 8 4 51 15 18 0 44 124 
13 11 40 18 11 0 29 30 30 13 108 10 40 9 41 1 2 32 18 39 11 8 2 10 19 20 18 18 11 5 3 36 7 12 18 6 17 118 67 0 197 
94 244 110 116 256 241 241 239 240 100 133 95 266 244 99 248 244 237 223 240 104 245 245 253 223 129 197 253 102 244 249 91 245 93 168 254 222 122 122 251 0 
# indicator whether saturdays count as workdays (stored as 1 or 0 for "TRUE" or "FALSE", resp.) [SCIP_Bool workOnSaturdays]
0
# start date of planning period (stored as 4 integers: day, month, year, weekday) [date* startDate]
9 11 2020 0
# end date of planning period (stored as 4 integers: day, month, year, weekday) [date* endDate]
27 11 2020 4
# maximal number of delay events considered (in robust optimization) [int maxDelayEvents]
10
# number of workdays in planning period [int nDays]
5
# day properties (stored as 6 integers: index, shift_start, shift_end, break_start, break_end, break_length) [dayProperty* days]
0 21600 79200 39600 54000 1800
1 21600 79200 39600 54000 1800
2 21600 79200 39600 54000 1800
3 21600 79200 39600 54000 1800
4 21600 79200 39600 54000 1800
# day sizes (day, number of available customers on that day) [int* day_sizes]
0 40
1 40
2 40
3 40
4 40
# list of neighbor nodes of customers for each day in planning period [neighbor*** neighbors]
0 0 5 32 11 9 25 18 14 29 22 7 34 15 30 23 3 36 19 16 6 28 33 26 38 2 37 39 4 13 17 40 
0 1 20 29 7 3 34 25 26 36 19 10 16 27 5 12 32 40 
0 2 3 29 25 26 14 24 19 39 13 21 8 34 27 30 28 36 5 38 1 2 35 16 23 7 20 11 9 18 22 12 17 33 31 10 37 15 4 6 40 
0 3 24 12 29 35 5 4 28 33 38 19 37 39 3 1 2 27 22 17 40 
0 4 3 13 32 9 26 38 15 12 30 31 35 21 17 20 33 11 14 29 16 27 23 7 28 24 36 2 19 10 39 8 40 
1 0 24 20 12 21 8 31 35 5 32 18 25 9 11 29 14 22 27 10 7 34 0 15 30 23 19 36 3 16 6 26 28 33 2 38 39 4 13 37 17 40 
1 1 22 39 30 23 24 11 31 2 35 37 17 18 4 6 28 14 38 15 13 21 20 33 29 7 34 3 8 19 36 25 26 0 16 27 5 12 10 32 40 
1 2 34 36 28 5 16 2 35 38 23 7 18 20 9 11 22 12 17 33 31 15 4 10 37 6 40 
1 3 35 4 19 0 33 38 37 3 2 22 27 17 40 
1 4 34 22 5 18 25 3 4 13 32 37 6 26 9 38 12 15 30 0 31 35 21 17 20 33 11 29 14 16 27 23 7 19 36 24 28 2 39 10 8 40 
2 0 0 3 36 16 33 28 26 38 37 39 4 13 17 40 
2 1 22 39 30 23 31 11 24 1 37 35 17 18 4 6 14 28 38 15 13 21 33 20 29 7 3 34 8 0 25 26 36 19 10 16 27 5 12 32 40 
2 2 34 28 36 5 38 1 35 16 23 7 20 11 9 18 22 12 17 31 33 37 10 15 4 6 40 
2 3 35 4 0 33 38 19 37 3 1 27 22 17 40 
2 4 17 20 11 29 23 7 28 24 36 19 10 39 8 40 
3 0 25 18 14 29 22 7 0 30 23 36 19 16 6 28 26 33 38 2 37 39 4 13 17 40 
3 1 21 20 33 29 7 34 8 25 0 26 36 19 10 16 27 5 12 32 40 
3 2 29 32 25 0 26 24 19 14 39 13 21 8 34 27 30 28 36 5 38 1 2 35 16 23 7 20 9 18 11 22 12 17 33 31 10 37 15 4 6 40 
3 3 35 4 0 33 38 19 37 1 2 22 27 17 40 
3 4 34 1 25 18 37 4 13 32 6 26 9 38 15 12 30 0 31 35 21 17 20 33 11 14 29 16 27 23 7 28 24 36 19 2 10 39 8 40 
4 0 0 16 3 36 39 13 26 17 28 38 33 2 37 40 
4 1 30 39 22 1 17 11 31 2 37 18 6 15 13 21 28 38 14 29 7 20 33 8 34 3 5 12 27 16 32 26 25 36 19 0 10 40 
4 2 38 18 20 11 15 6 33 10 31 37 40 
4 3 12 24 20 9 5 29 35 26 14 39 19 28 0 38 33 37 27 22 1 17 3 2 40 
4 4 1 34 18 25 13 32 6 3 37 30 15 12 26 9 38 21 35 17 0 31 23 27 16 29 7 20 11 33 14 39 24 8 36 19 28 10 2 40 
5 0 24 20 12 32 35 31 29 22 27 18 25 7 9 11 10 14 15 30 23 34 0 16 3 6 36 19 39 4 13 26 28 17 38 33 2 37 40 
5 1 29 20 7 34 3 16 27 12 32 26 25 36 19 0 10 40 
5 2 39 26 25 8 34 36 28 23 16 35 1 7 38 2 22 12 18 20 9 17 11 15 4 6 33 10 31 37 40 
5 3 12 24 20 9 4 29 35 26 14 39 19 28 0 38 33 37 22 27 1 3 17 2 40 
5 4 22 1 34 18 25 4 13 32 3 6 37 15 30 12 26 9 38 21 35 0 17 31 23 16 29 27 20 7 11 33 14 39 24 36 19 28 8 10 2 40 
6 0 7 29 22 18 25 14 30 23 0 16 36 3 19 17 13 39 4 26 28 33 38 2 37 40 
6 1 39 30 22 17 1 11 2 31 37 4 18 13 21 15 28 38 14 7 29 20 33 8 34 3 32 5 16 27 12 26 36 25 0 19 10 40 
6 2 38 18 20 11 15 4 33 10 31 37 40 
6 3 30 23 36 13 21 16 34 25 31 18 11 32 12 24 20 9 10 29 5 4 35 26 14 39 28 0 19 33 38 37 17 1 22 27 3 2 40 
6 4 1 34 18 25 13 32 4 3 37 15 30 12 26 9 38 17 21 35 0 31 7 29 16 27 23 20 11 33 14 8 39 24 36 28 19 10 2 40 
7 0 12 32 5 29 22 27 18 25 9 11 14 10 15 30 23 34 0 6 16 36 3 19 17 13 39 4 26 28 33 38 2 37 40 
7 1 6 4 21 38 29 20 33 8 34 3 32 5 16 27 12 26 36 25 0 19 10 40 
7 2 34 5 36 28 1 16 23 35 38 2 17 22 18 12 20 9 11 6 15 4 33 10 31 37 40 
7 3 8 15 30 23 36 6 13 21 16 34 25 31 18 11 32 12 24 20 9 10 29 5 4 35 26 14 39 28 0 19 33 38 37 17 1 22 27 3 2 40 
7 4 15 30 38 17 35 0 29 16 23 27 20 11 33 14 8 39 24 36 28 19 10 2 40 
8 0 1 24 20 21 12 32 5 35 31 7 29 22 27 18 25 9 11 10 14 15 30 23 34 0 6 16 36 3 19 17 13 39 4 26 28 33 38 2 37 40 
8 1 21 7 29 20 33 34 3 32 5 16 27 12 26 36 25 0 19 10 40 
8 2 29 3 13 21 39 24 26 25 0 19 14 30 27 34 5 36 28 7 1 16 23 35 38 2 17 22 18 12 20 9 11 6 15 4 33 10 31 37 40 
8 3 7 15 30 23 36 6 13 21 16 34 25 31 18 11 32 12 24 20 9 10 29 5 4 35 26 14 39 28 0 19 33 38 37 17 1 22 27 3 2 40 
8 4 17 7 29 23 20 11 39 24 36 28 19 10 2 40 
9 0 12 5 32 11 18 25 10 14 29 27 22 7 34 0 15 30 23 3 36 19 16 6 28 38 26 33 37 2 39 4 13 17 40 
9 1 22 39 30 23 11 24 1 37 35 2 31 17 18 4 6 28 38 14 15 13 21 20 33 29 7 3 34 8 0 26 25 36 10 19 16 27 12 5 32 40 
9 2 28 36 5 38 1 2 16 23 20 11 18 22 12 17 33 10 37 31 15 4 6 40 
9 3 34 25 11 18 20 24 10 12 32 26 14 35 29 5 4 28 38 0 33 19 37 39 3 1 2 27 22 17 40 
9 4 18 3 37 4 13 32 38 26 12 15 30 0 35 31 21 17 20 11 33 14 29 16 27 23 7 28 24 36 10 19 2 39 8 40 
10 0 12 5 32 9 11 18 25 27 14 22 29 7 34 0 23 15 30 3 36 19 16 6 37 38 28 26 33 2 4 39 13 17 40 
10 1 20 29 7 3 34 0 26 25 36 19 27 16 12 5 32 40 
10 2 38 11 20 18 37 33 31 4 15 6 40 
10 3 34 25 11 18 9 20 24 12 32 35 26 14 29 4 5 37 38 28 0 33 19 39 3 1 27 22 2 17 40 
10 4 17 11 20 29 23 7 28 24 36 19 2 39 8 40 
11 0 12 5 32 9 25 18 14 10 29 27 22 7 0 34 15 30 23 3 36 19 16 6 28 38 33 26 2 37 39 4 13 17 40 
11 1 22 39 30 23 24 1 31 2 37 35 17 18 4 6 28 38 14 15 13 21 20 33 29 7 3 34 8 0 25 26 36 10 19 16 27 5 12 32 40 
11 2 28 36 5 38 1 2 16 23 20 9 18 22 12 17 33 31 10 37 15 4 6 40 
11 3 25 34 16 13 18 20 9 24 10 12 32 26 14 29 35 5 4 28 0 38 33 37 19 39 3 1 2 27 22 17 40 
11 4 38 15 30 0 35 17 20 33 14 29 16 27 23 7 28 24 36 10 2 19 39 8 40 
12 0 1 24 20 21 8 5 35 32 31 27 29 22 18 7 25 9 11 10 14 23 30 15 34 0 16 6 19 3 36 4 39 13 26 17 28 38 33 37 2 40 
12 1 29 7 20 34 3 27 5 16 32 26 19 25 36 0 10 40 
12 2 5 36 28 23 16 1 38 2 22 18 17 20 9 11 4 15 6 33 10 37 31 40 
12 3 34 25 18 11 32 24 20 9 10 4 5 35 29 26 14 39 19 28 38 0 33 37 27 22 1 17 3 2 40 
12 4 18 4 13 32 3 37 30 15 26 9 38 35 21 17 0 31 27 23 16 29 7 20 33 11 14 39 24 8 19 36 28 10 2 40 
13 0 0 16 3 36 4 39 17 26 28 38 33 2 37 40 
13 1 17 2 37 4 6 21 15 28 38 14 7 29 20 33 8 34 3 32 5 12 27 16 26 25 36 19 0 10 40 
13 2 29 3 21 39 8 24 26 25 19 0 14 30 27 34 5 36 28 23 7 16 1 35 38 2 17 12 22 18 20 9 11 4 6 15 33 10 31 37 40 
13 3 23 30 36 21 6 16 34 25 31 18 11 32 12 24 20 9 10 4 5 29 35 26 14 39 19 28 0 38 33 37 17 27 22 1 3 2 40 
13 4 1 34 18 25 32 4 6 3 37 30 15 12 26 9 38 21 17 35 0 31 23 7 29 27 16 20 33 11 14 39 8 24 36 19 28 10 2 40 
14 0 12 5 32 11 9 25 18 29 10 27 22 7 0 34 15 30 23 3 36 19 16 6 2 28 33 26 38 37 39 4 13 17 40 
14 1 2 37 17 4 6 28 38 15 13 21 20 33 29 7 3 34 8 0 25 26 36 19 10 16 27 5 12 32 40 
14 2 3 29 0 25 26 24 19 39 13 21 8 34 27 30 28 36 5 2 38 1 35 16 23 7 20 11 9 18 22 12 17 31 33 37 10 15 4 6 40 
14 3 20 9 24 12 26 29 35 5 4 0 28 33 38 19 37 39 2 3 1 27 22 17 40 
14 4 38 15 30 0 35 17 20 33 11 29 16 27 23 7 2 28 24 36 19 10 39 8 40 
15 0 5 32 29 22 18 25 9 7 11 14 30 23 34 0 16 3 36 6 19 39 4 13 26 28 17 38 33 2 37 40 
15 1 17 2 37 4 6 13 21 28 38 14 29 20 7 33 34 3 8 5 16 27 12 32 26 25 36 19 0 10 40 
15 2 38 18 20 11 4 6 33 10 31 37 40 
15 3 30 23 36 8 7 16 13 21 34 25 6 31 18 11 12 32 24 20 9 10 5 4 29 35 26 14 39 19 28 0 38 33 37 22 27 1 3 17 2 40 
15 4 18 4 13 32 3 37 30 12 26 9 38 21 35 0 17 31 23 16 29 27 20 7 11 33 14 39 24 36 19 28 8 10 2 40 
16 0 22 18 25 29 14 7 0 30 23 3 19 36 6 26 28 38 39 33 4 2 37 13 17 40 
16 1 20 29 7 34 3 26 25 19 36 27 0 12 5 10 32 40 
16 2 34 28 36 5 35 1 38 23 2 7 22 18 9 20 12 11 17 33 15 4 10 31 37 6 40 
16 3 36 30 23 34 25 31 13 21 6 18 11 24 9 20 12 10 32 35 26 29 5 4 14 19 28 0 38 39 33 37 22 1 3 27 2 17 40 
16 4 38 15 30 35 0 17 20 29 27 33 11 23 14 7 24 19 28 36 39 10 2 8 40 
17 0 0 16 36 3 13 39 4 26 28 33 38 2 37 40 
17 1 39 30 22 23 1 35 24 11 2 31 37 6 4 18 13 21 15 28 38 14 7 29 20 33 8 34 3 32 5 16 27 12 26 36 25 0 19 10 40 
17 2 5 36 28 1 16 23 38 2 22 18 12 20 9 11 6 15 4 33 10 31 37 40 
17 3 4 35 0 19 33 38 37 1 22 27 3 2 40 
17 4 13 32 3 15 30 12 26 9 38 21 35 0 31 7 29 16 23 27 20 11 33 14 8 39 24 36 28 19 10 2 40 
18 0 12 5 32 25 9 11 14 29 22 27 10 7 34 0 15 30 23 3 19 36 16 6 26 28 33 38 2 39 4 37 13 17 40 
18 1 22 39 30 1 11 31 2 37 17 4 6 28 38 14 15 13 21 20 33 29 7 34 3 8 26 25 19 0 36 16 27 5 12 10 32 40 
18 2 28 36 5 1 38 2 16 23 20 9 11 22 12 17 33 31 15 10 4 37 6 40 
18 3 34 25 16 13 11 24 20 9 12 10 32 26 35 14 29 5 4 28 19 0 33 38 39 37 3 1 2 22 27 17 40 
18 4 34 1 5 25 3 4 37 13 32 6 26 9 38 15 12 30 0 35 31 21 17 20 33 11 14 29 16 27 23 7 24 28 19 36 2 39 10 8 40 
19 0 25 18 29 14 22 7 0 30 23 36 3 16 6 26 28 33 2 38 39 4 13 37 17 40 
19 1 20 29 7 34 3 36 25 26 0 16 5 27 12 10 32 40 
19 2 3 29 25 26 24 0 14 39 13 21 8 34 27 30 36 28 5 1 2 38 16 35 23 7 18 20 9 11 22 12 17 33 31 15 4 10 37 6 40 
19 3 24 12 29 35 5 4 28 0 33 38 39 37 1 3 2 22 27 17 40 
19 4 17 20 29 11 23 7 36 24 28 2 39 10 8 40 
20 0 24 1 12 21 8 31 35 5 32 11 9 25 18 14 29 10 27 22 7 0 34 15 30 23 3 36 19 16 6 28 33 26 38 2 37 39 4 13 17 40 
20 1 4 6 38 21 33 29 7 3 34 8 0 25 26 36 19 10 16 27 5 12 32 40 
20 2 28 36 5 38 1 2 16 23 11 9 18 22 12 17 33 31 10 37 15 4 6 40 
20 3 25 34 11 18 9 24 10 12 32 26 14 29 35 5 4 28 0 33 38 19 37 39 3 1 2 27 22 17 40 
20 4 38 15 30 0 35 17 11 33 14 29 16 27 23 7 28 24 36 2 19 10 39 8 40 
21 0 1 24 20 8 12 32 5 35 31 7 29 27 22 18 25 9 11 10 14 23 30 15 34 0 6 16 3 36 19 13 4 39 17 26 28 38 33 2 37 40 
21 1 17 2 37 6 4 13 15 28 38 14 7 29 20 33 8 34 3 32 5 16 12 27 26 25 36 19 0 10 40 
21 2 29 3 13 8 39 24 26 25 19 0 14 30 27 34 5 36 28 23 7 16 1 35 38 2 17 12 22 18 20 9 11 6 4 15 33 10 31 37 40 
21 3 23 30 36 13 6 16 34 25 31 18 11 32 12 24 20 9 10 4 29 5 35 26 14 39 19 28 0 38 33 37 17 27 22 1 3 2 40 
21 4 32 13 3 30 15 12 26 9 38 17 35 0 31 23 7 29 16 27 20 33 11 14 8 39 24 36 19 28 10 2 40 
22 0 12 5 32 18 25 9 29 27 11 10 14 7 34 0 15 30 23 3 19 36 16 6 26 28 38 39 33 4 2 37 13 17 40 
22 1 9 39 30 23 35 24 1 11 31 2 37 17 18 4 6 28 38 15 14 13 21 20 29 33 7 34 3 8 26 25 19 36 16 27 0 12 5 10 32 40 
22 2 28 36 5 1 16 38 23 2 18 9 20 12 11 17 33 15 4 10 31 37 6 40 
22 3 35 4 19 0 38 33 37 1 3 27 2 17 40 
22 4 34 1 5 18 25 3 4 37 13 32 6 26 9 38 12 15 30 35 0 31 21 17 20 16 29 27 33 11 23 14 7 24 19 28 36 39 10 2 8 40 
23 0 5 32 29 22 7 18 25 9 11 14 30 15 34 0 16 6 3 36 19 4 39 13 17 26 28 38 33 2 37 40 
23 1 30 39 22 9 35 1 17 24 11 31 2 37 4 6 18 15 13 21 28 38 14 29 7 20 33 8 34 3 12 27 5 32 16 26 25 36 19 0 10 40 
23 2 34 5 36 28 16 35 7 1 38 2 12 22 17 18 20 9 11 4 15 6 33 10 31 37 40 
23 3 30 15 8 7 36 13 21 16 6 34 25 31 18 11 12 32 24 20 9 10 4 5 29 35 26 14 39 19 28 0 38 33 37 27 22 1 17 3 2 40 
23 4 30 15 38 35 17 0 27 16 29 7 20 11 33 14 39 8 24 36 19 28 10 2 40 
24 0 20 1 12 21 8 35 31 5 32 18 25 9 11 14 29 22 27 10 7 34 0 15 30 23 3 19 36 16 6 26 28 33 38 2 39 4 37 13 17 40 
24 1 22 39 30 23 1 11 35 31 2 37 17 18 4 6 28 38 14 15 13 21 20 33 29 7 34 3 8 26 25 19 0 36 16 27 5 12 10 32 40 
24 2 3 29 26 25 19 0 14 39 13 21 8 34 27 30 28 36 5 1 35 38 2 16 23 7 18 20 9 11 22 12 17 33 31 15 10 4 37 6 40 
24 3 34 25 18 11 20 9 12 10 32 26 35 14 29 5 4 28 19 0 33 38 39 37 3 1 2 22 27 17 40 
24 4 17 20 11 29 23 7 28 19 36 2 39 10 8 40 
25 0 12 5 32 18 11 9 14 29 10 22 27 7 34 0 15 30 23 3 36 19 16 6 26 28 33 2 38 37 39 4 13 17 40 
25 1 20 29 7 34 3 26 0 36 19 16 10 27 5 12 32 40 
25 2 3 29 26 24 0 14 19 39 13 21 8 34 27 30 28 36 5 1 2 38 35 16 23 7 20 18 11 9 22 12 17 33 31 10 37 15 4 6 40 
25 3 36 30 23 34 31 16 13 21 6 18 11 20 24 9 10 12 32 26 14 29 35 5 4 28 0 33 19 38 37 39 3 1 2 22 27 17 40 
25 4 34 1 5 18 3 37 4 13 32 6 26 9 38 15 12 30 0 31 35 21 17 20 33 11 14 29 16 27 23 7 28 24 36 2 19 10 39 8 40 
26 0 0 3 36 16 28 33 38 2 39 37 4 13 17 40 
26 1 20 29 7 34 3 25 0 19 36 16 10 27 5 12 32 40 
26 2 3 29 24 25 0 19 14 39 13 21 8 34 27 30 28 36 5 1 38 35 2 16 23 7 18 20 9 11 22 12 17 33 31 10 15 37 4 6 40 
26 3 24 20 9 12 35 14 29 5 4 28 0 19 33 38 39 37 3 1 2 22 27 17 40 
26 4 18 3 37 4 13 32 9 38 15 12 30 0 35 31 21 17 20 33 11 14 29 16 27 23 7 24 28 19 36 2 10 39 8 40 
27 0 12 5 32 22 29 18 25 7 9 10 11 14 23 30 15 34 0 16 19 36 3 6 4 39 13 26 38 28 17 33 37 2 40 
27 1 29 7 20 34 3 12 5 16 32 26 19 36 25 0 10 40 
27 2 29 3 39 13 26 25 8 30 34 5 36 28 23 35 16 1 38 7 2 12 22 18 9 20 17 11 4 15 6 10 33 37 31 40 
27 3 4 35 19 38 0 33 37 22 1 3 17 2 40 
27 4 30 15 38 35 17 0 23 16 29 7 20 33 11 14 39 24 19 36 8 28 10 2 40 
28 0 0 3 36 16 33 26 38 2 37 39 4 13 17 40 
28 1 2 37 17 4 6 38 14 15 13 21 20 33 29 7 3 34 8 0 25 26 36 19 10 16 27 5 12 32 40 
28 2 25 26 39 8 34 36 5 38 1 2 35 16 23 7 20 11 9 18 22 12 17 33 31 10 37 15 4 6 40 
28 3 24 12 29 35 5 4 0 33 38 19 37 39 3 1 2 27 22 17 40 
28 4 17 20 11 29 23 7 24 36 2 19 10 39 8 40 
29 0 12 5 32 18 22 27 25 11 9 14 10 7 15 30 34 23 0 16 36 3 19 6 39 26 4 28 13 33 38 2 17 37 40 
29 1 4 6 21 38 20 33 7 34 3 8 5 16 26 27 36 25 12 0 19 32 10 40 
29 2 3 32 39 24 26 25 0 13 19 21 14 8 30 34 27 5 36 28 1 16 23 35 38 2 7 18 22 20 12 11 9 17 15 4 33 31 6 10 37 40 
29 3 24 20 12 9 5 26 4 35 14 39 28 0 33 19 38 37 1 22 27 3 2 17 40 
29 4 15 30 38 35 0 17 16 27 20 23 11 33 14 7 39 24 36 28 19 2 10 8 40 
30 0 5 32 29 22 18 7 25 9 11 14 15 23 34 0 16 6 3 36 19 39 4 13 26 17 28 38 33 2 37 40 
30 1 39 23 22 9 1 35 24 17 11 31 2 37 4 18 6 15 13 21 28 38 14 29 7 20 33 34 8 3 5 12 16 32 27 26 25 36 19 0 10 40 
30 2 29 3 39 13 26 8 25 27 34 5 36 28 23 16 1 35 7 38 2 12 22 18 17 20 9 11 15 4 6 33 10 31 37 40 
30 3 15 23 8 7 36 13 16 21 6 34 25 31 18 11 12 32 24 20 9 10 4 5 29 35 26 14 39 19 28 0 38 33 37 27 22 1 17 3 2 40 
30 4 18 4 13 32 3 37 15 12 26 9 38 21 35 17 0 31 23 16 29 27 7 20 11 33 14 39 24 8 36 19 28 10 2 40 
31 0 20 24 12 35 5 32 14 11 9 25 18 10 29 27 22 7 0 34 15 30 23 3 36 19 16 6 2 28 33 26 38 37 39 4 13 17 40 
31 1 22 39 30 23 2 11 24 1 37 35 17 18 4 6 14 28 38 15 13 21 20 33 29 7 3 34 8 0 25 26 36 19 10 16 27 5 12 32 40 
31 2 38 20 11 18 33 37 10 15 4 6 40 
31 3 36 30 23 25 34 16 13 21 6 11 18 20 9 24 10 12 32 14 26 29 35 5 4 0 28 33 38 37 19 39 2 3 1 27 22 17 40 
31 4 3 13 32 9 26 38 15 12 30 0 35 21 17 14 20 33 11 29 16 27 23 7 2 28 24 36 19 10 39 8 40 
32 0 24 20 12 5 35 31 7 29 27 22 18 25 9 11 10 14 23 30 15 34 0 6 16 3 36 19 13 4 39 17 26 28 38 33 2 37 40 
32 1 7 29 20 34 3 5 16 12 27 26 25 36 19 0 10 40 
32 2 29 3 21 13 8 39 24 26 25 19 0 14 30 27 34 5 36 28 23 7 16 1 35 38 2 17 12 22 18 20 9 11 6 4 15 33 10 31 37 40 
32 3 34 25 18 11 12 24 20 9 10 4 29 5 35 26 14 39 19 28 0 38 33 37 17 27 22 1 3 2 40 
32 4 1 34 18 25 13 6 4 3 37 30 15 12 26 9 38 21 17 35 0 31 23 7 29 16 27 20 33 11 14 8 39 24 36 19 28 10 2 40 
33 0 0 3 36 16 28 26 2 38 37 39 4 13 17 40 
33 1 4 6 38 21 20 29 7 3 34 8 0 25 26 36 19 10 16 5 27 12 32 40 
33 2 38 20 11 18 31 10 37 15 4 6 40 
33 3 24 12 29 35 5 4 0 28 38 19 37 39 3 2 1 27 22 17 40 
33 4 38 15 30 0 35 17 20 11 14 29 16 27 23 7 28 24 36 2 19 10 39 8 40 
34 0 5 32 18 25 9 11 14 29 22 7 0 15 30 23 3 19 36 16 6 26 28 33 38 2 37 39 4 13 17 40 
34 1 21 20 33 29 7 3 8 26 25 0 19 36 10 16 27 5 12 32 40 
34 2 3 29 26 25 39 13 8 27 30 28 36 5 1 38 2 35 16 23 7 18 20 9 11 22 12 17 33 31 10 37 15 4 6 40 
34 3 36 30 23 25 31 16 13 21 6 18 11 24 20 9 10 12 32 26 14 35 29 5 4 28 0 33 19 38 37 39 3 1 2 22 27 17 40 
34 4 1 22 5 18 25 3 37 4 13 32 6 26 9 38 15 12 30 0 31 35 21 17 20 33 11 14 29 16 27 23 7 24 28 19 36 2 10 39 8 40 
35 0 24 20 12 5 31 32 27 18 22 25 9 29 11 10 14 7 34 23 0 15 30 16 3 19 36 6 26 28 4 38 39 33 37 2 13 17 40 
35 1 22 23 39 30 24 1 11 37 31 2 17 18 4 6 28 38 15 14 13 21 20 29 33 7 34 3 8 27 16 12 26 25 19 36 0 5 10 32 40 
35 2 34 28 36 5 16 1 23 38 2 7 18 12 22 9 20 11 17 4 15 33 10 37 31 6 40 
35 3 24 12 9 20 26 4 29 5 14 19 28 0 38 39 33 37 27 22 1 3 2 17 40 
35 4 3 13 32 12 26 9 38 15 30 0 31 21 17 27 16 20 29 23 33 11 14 7 24 19 28 36 39 10 2 8 40 
36 0 25 29 18 14 22 7 0 30 23 3 19 16 6 28 26 33 2 39 38 4 13 37 17 40 
36 1 20 29 7 34 3 25 0 26 19 5 16 27 12 10 32 40 
36 2 25 26 39 8 34 28 5 1 2 16 38 35 23 7 20 18 11 9 22 12 17 33 31 15 4 10 37 6 40 
36 3 15 30 23 8 7 25 34 31 16 13 21 6 18 11 20 24 9 12 10 32 29 26 14 5 35 4 28 0 33 19 39 38 37 1 3 2 22 27 17 40 
36 4 17 20 29 11 23 7 28 24 2 19 39 10 8 40 
37 0 0 3 36 16 38 28 26 33 2 4 39 13 17 40 
37 1 22 39 23 30 11 35 24 31 1 2 17 18 4 6 38 28 14 15 13 21 20 33 29 7 3 34 8 10 0 26 25 36 19 27 12 16 5 32 40 
37 2 38 11 20 18 10 31 33 4 15 6 40 
37 3 24 12 35 29 4 5 38 28 0 33 19 39 3 1 2 27 22 17 40 
37 4 34 1 18 25 3 4 13 32 6 38 9 26 12 15 30 0 35 31 21 17 11 20 33 14 27 16 29 23 7 10 28 24 36 19 2 39 8 40 
38 0 0 3 36 16 28 37 26 33 2 39 4 13 17 40 
38 1 37 2 17 4 6 28 14 15 13 21 20 33 29 7 3 34 8 10 0 26 25 36 19 27 16 12 5 32 40 
38 2 34 28 36 5 1 35 2 16 23 7 9 11 20 18 22 12 17 10 37 33 31 15 4 6 40 
38 3 24 12 35 29 5 4 28 37 0 33 19 39 3 1 2 27 22 17 40 
38 4 18 3 37 4 13 32 9 26 12 15 30 0 35 31 21 17 11 20 33 14 29 27 16 23 7 10 28 24 36 19 2 39 8 40 
39 0 0 16 3 36 4 13 26 28 17 38 33 2 37 40 
39 1 30 23 22 9 35 1 24 17 11 31 2 37 4 18 6 15 13 21 28 38 14 29 7 20 33 34 8 3 5 16 12 27 32 26 25 36 19 0 10 40 
39 2 29 3 13 21 24 26 8 25 19 0 14 30 27 34 5 36 28 23 16 35 1 7 38 2 12 22 18 20 17 9 11 15 4 6 33 10 31 37 40 
39 3 12 24 5 4 29 35 19 28 0 38 33 37 27 22 1 3 17 2 40 
39 4 17 23 29 7 20 11 24 8 36 19 28 10 2 40 
40 0 20 1 24 8 21 12 31 32 5 35 7 14 11 29 9 25 27 22 18 10 0 23 30 15 34 6 3 16 36 19 2 17 13 28 33 4 37 39 38 26 
40 1 23 9 39 30 22 31 2 17 11 37 1 24 35 6 4 18 14 13 28 21 15 38 7 20 33 29 8 3 34 0 32 5 25 16 12 27 26 10 36 19 
40 2 32 29 3 8 14 13 0 21 39 25 26 24 19 30 34 27 28 5 36 2 7 23 1 16 38 35 17 11 20 9 12 22 18 31 6 33 4 37 15 10 
40 3 8 7 23 30 15 36 31 6 13 21 25 34 16 11 18 20 32 9 12 24 10 14 4 29 5 26 35 0 28 33 37 39 38 19 2 17 3 1 27 22 
40 4 5 1 34 22 25 18 6 13 32 4 3 37 9 30 15 12 38 26 31 17 0 21 35 7 14 11 23 20 33 29 16 27 2 8 28 39 24 10 36 19 
