# number of customers + 1 (depot stored as last "customer") [int nC]
21
# customer IDs (depot gets ID -1) [int* customerIDs]
112603346 112618396 112609205 112610286 112612934 112614279 112603313 112617132 112614721 112607632 112610832 112603308 112609003 112609980 112610488 112613047 112608145 112611764 112601759 112604752 -1 
# time window lists for each real customer (number of elements followed by elements' contents (day,start_t,end_t,weight)) [modelWindow** timeWindows]
1 3 43200 54000 0.54 
1 1 36000 39600 0.92 
1 3 46800 57600 0.91 
1 1 36000 39600 0.80 
1 1 46800 57600 0.81 
1 0 54000 57600 0.42 
1 4 46800 50400 0.90 
1 1 50400 57600 0.82 
1 0 46800 50400 0.90 
1 0 36000 39600 0.48 
1 0 39600 50400 0.59 
1 1 54000 57600 0.50 
1 3 46800 54000 0.90 
1 4 39600 43200 0.88 
1 4 46800 50400 0.54 
1 2 46800 54000 0.66 
1 0 46800 54000 0.72 
1 4 46800 57600 0.66 
1 0 54000 61200 0.87 
1 1 50400 61200 0.84 
# objective function coefficients [SCIP_Real* obj]
511.756000 567.954333 152.102000 158.930333 1055.821000 217.469000 372.118667 1093.018333 1033.089000 1097.336000 1061.621000 1044.904000 568.370333 1061.265000 188.049143 596.316000 508.183333 1014.068333 592.357333 1043.233333 0.000000 
# shift start time [int shift_start]
21600
# shift end time [int shift_end]
79200
# service times at customers (depot has service time 0.0) [int* t_service]
240 60 180 300 120 120 180 60 120 180 180 120 180 180 300 300 300 240 120 180 0 
# max. deviation of service times at customers (depot again 0.0) [int* t_service_maxDev]
480 180 480 420 180 180 420 300 480 120 300 300 420 420 180 60 300 480 360 120 0 
# morning/AM travel time matrix between customers (incl. depot as last customer) [int** t_travelAM]
0 479 823 699 667 861 38 568 342 416 598 30 815 738 708 731 462 647 249 204 804 
469 0 718 595 687 747 469 498 335 187 619 461 711 634 603 661 58 668 596 365 700 
864 733 0 124 458 446 879 649 576 722 392 880 182 88 293 358 774 327 611 685 171 
740 608 123 0 334 322 755 525 452 598 268 756 274 39 169 234 650 310 487 561 264 
658 653 422 299 0 385 673 569 370 600 97 674 497 338 280 116 674 221 405 497 486 
908 760 446 323 365 0 923 693 620 766 415 924 531 362 160 275 803 478 655 729 520 
33 478 821 698 667 860 0 566 340 415 598 8 814 737 706 729 460 647 249 202 803 
581 517 582 459 584 621 578 0 340 407 579 570 575 498 467 490 480 621 630 370 564 
338 340 526 403 352 557 335 381 0 230 284 327 601 442 404 428 303 332 289 126 590 
442 161 623 500 557 662 442 368 205 0 489 434 615 539 508 531 124 538 495 235 605 
606 600 370 247 106 401 621 517 318 548 0 622 445 286 247 144 621 169 353 445 434 
25 469 813 690 675 852 8 558 332 407 606 0 805 729 698 721 452 655 257 194 795 
920 803 152 231 566 554 935 719 683 793 499 936 0 196 400 465 845 355 665 755 79 
775 644 84 35 369 358 790 560 487 633 303 791 235 0 204 269 686 345 522 596 225 
748 616 286 163 249 153 763 533 460 606 276 764 370 202 0 149 658 317 495 569 360 
756 691 373 249 100 281 769 524 468 598 150 761 457 288 163 0 671 319 503 560 446 
467 60 712 589 646 750 467 457 294 146 578 459 704 628 597 620 0 627 584 324 694 
653 653 302 299 241 454 668 570 365 595 173 669 379 338 300 318 668 0 400 491 369 
255 601 591 468 417 622 270 675 294 524 349 271 666 507 469 493 583 398 0 351 656 
211 374 664 541 490 695 208 416 137 264 421 200 663 580 541 566 338 470 343 0 652 
953 836 185 264 598 587 968 752 716 825 532 969 32 229 433 498 878 388 697 788 0 
# noon travel time matrix between customers (incl. depot as last customer) [int** t_travelNoon]
0 485 793 674 645 837 37 532 343 416 586 29 785 712 684 726 467 635 246 211 771 
464 0 705 586 662 751 466 446 317 176 603 458 697 624 596 640 56 652 600 347 684 
840 742 0 124 443 447 852 597 562 693 384 859 177 88 294 355 761 331 594 657 164 
715 617 118 0 319 323 728 472 438 569 260 734 260 37 169 231 637 302 470 532 247 
637 668 427 308 0 378 650 523 360 584 97 656 490 346 272 110 652 217 392 483 476 
863 748 420 301 365 0 875 620 585 716 407 882 492 339 157 272 784 449 617 679 479 
32 486 794 675 648 838 0 533 341 417 590 7 786 713 685 727 468 639 250 209 772 
553 480 534 415 563 579 550 0 309 376 529 541 526 453 425 467 444 571 595 339 513 
337 328 538 419 345 575 334 340 0 224 286 325 593 457 421 431 292 335 286 123 579 
437 155 589 470 543 633 438 328 198 0 485 430 581 508 480 522 119 534 484 228 567 
584 615 374 255 96 411 597 470 307 531 0 603 437 293 258 144 599 164 339 430 423 
25 479 787 668 657 831 8 526 334 410 598 0 779 705 678 720 460 647 258 202 765 
906 809 156 234 553 557 919 664 672 760 495 925 0 199 404 465 828 363 661 724 76 
751 653 81 35 354 358 763 508 473 604 296 770 222 0 205 266 673 338 505 568 209 
705 607 262 144 250 153 717 462 427 558 250 724 334 181 0 148 627 292 459 522 321 
734 682 354 235 102 280 746 481 456 578 149 744 426 273 161 0 646 313 488 541 412 
460 60 668 549 623 713 462 407 277 136 564 453 660 587 559 601 0 613 564 308 647 
628 664 306 305 223 461 640 520 350 574 165 647 379 343 307 310 642 0 382 473 366 
245 597 591 472 398 628 258 625 285 509 340 264 654 510 475 485 577 389 0 351 641 
213 361 634 515 477 678 210 372 132 257 418 202 626 552 525 563 325 467 352 0 612 
927 820 170 249 568 572 939 675 687 771 509 937 34 213 418 480 839 383 681 735 0 
# afternoon/PM travel time matrix between customers (incl. depot as last customer) [int** t_travelPM]
0 487 816 696 679 862 37 539 348 424 620 29 817 735 709 733 467 669 246 210 795 
466 0 732 611 681 774 470 457 326 181 622 462 732 650 624 651 57 671 604 355 710 
876 784 0 124 470 474 890 626 593 730 412 890 191 88 321 382 801 338 631 686 168 
751 660 120 0 345 349 765 502 468 606 287 765 277 38 196 257 677 329 506 561 252 
645 706 472 352 0 378 659 578 362 598 95 663 564 391 275 110 669 215 400 488 541 
880 763 427 307 366 0 894 631 597 735 416 895 522 345 159 276 805 458 635 690 500 
32 489 818 698 682 864 0 541 346 426 624 7 819 737 711 735 469 672 249 208 797 
560 497 557 436 567 602 557 0 316 389 553 549 557 475 449 473 460 595 608 345 535 
341 343 606 501 354 660 338 347 0 236 296 330 625 540 506 441 306 344 292 126 603 
444 158 611 490 557 656 444 333 202 0 499 436 611 529 503 527 121 547 495 232 589 
594 655 426 329 96 413 608 527 311 547 0 612 512 367 310 145 618 164 349 437 490 
25 482 811 691 690 857 8 534 339 419 632 0 812 730 704 728 462 680 258 201 789 
942 873 166 246 591 589 956 715 714 819 533 960 0 210 442 503 890 380 694 774 83 
787 695 81 35 381 385 801 538 504 642 323 801 239 0 232 293 712 365 542 597 214 
721 629 268 148 251 153 735 472 438 576 257 735 363 186 0 151 646 299 476 531 341 
744 700 362 242 100 281 758 489 461 593 150 752 458 280 165 0 663 315 499 548 435 
462 60 694 574 640 740 465 417 286 140 582 457 694 612 587 611 0 631 578 315 672 
671 732 310 390 258 570 685 611 388 624 199 689 397 354 417 345 695 0 426 514 375 
247 602 670 579 432 737 261 650 302 538 374 266 751 617 584 519 582 422 0 357 729 
215 378 656 536 492 702 212 379 138 270 434 204 656 574 549 573 341 483 354 0 634 
961 846 179 259 604 608 960 688 718 792 546 952 43 223 455 516 863 399 713 747 0 
# average travel time matrix between customers (incl. depot as last customer) [int** t_travel]
0 484 811 690 664 854 38 547 345 419 602 30 806 729 701 730 466 651 247 209 790 
467 0 719 598 677 758 469 467 326 182 615 461 714 636 608 651 57 664 600 356 698 
860 753 0 124 457 456 874 624 577 715 396 877 184 88 303 365 779 332 612 676 168 
736 629 121 0 333 332 750 500 453 591 272 752 271 38 178 241 655 314 488 552 255 
647 676 441 320 0 381 661 557 364 594 97 665 517 359 276 112 665 218 399 490 501 
884 757 431 311 366 0 898 648 601 739 413 901 515 349 159 275 798 462 636 700 500 
33 485 811 691 666 854 0 547 343 420 604 8 807 729 701 731 466 653 250 207 791 
565 498 558 437 572 601 562 0 322 391 554 554 553 476 447 477 462 596 611 352 538 
339 337 557 441 351 598 336 356 0 230 289 328 607 480 444 434 301 337 289 125 591 
441 158 608 487 553 651 442 343 202 0 491 434 603 526 497 527 122 540 492 232 587 
595 624 390 277 100 409 609 505 312 542 0 613 465 316 272 145 613 166 347 438 449 
25 477 804 683 674 847 8 540 335 412 612 0 799 722 694 723 458 661 258 199 783 
923 829 158 237 570 567 937 700 690 791 509 941 0 202 416 478 855 366 674 751 80 
771 664 82 35 368 367 785 536 488 627 308 788 232 0 214 276 691 350 523 587 216 
725 618 272 152 250 153 739 489 442 580 261 741 356 190 0 150 644 303 477 541 341 
745 691 363 242 101 281 758 498 462 590 150 753 447 281 163 0 660 316 497 550 431 
463 60 692 571 637 735 465 427 286 141 575 457 686 609 581 611 0 624 576 316 671 
651 683 306 332 241 495 665 567 368 598 179 669 385 345 342 325 669 0 403 493 370 
249 600 618 507 416 663 263 650 294 524 355 267 691 545 510 499 581 403 0 353 676 
213 371 652 531 487 692 210 389 136 264 425 202 649 569 539 568 335 474 350 0 633 
947 834 178 258 590 589 956 705 707 796 529 953 37 222 436 498 860 390 697 757 0 
# max. deviation of (average) travel time matrix between customers (incl. depot as last customer) [int** t_travel_maxDev]
0 3 12 9 15 8 0 21 3 5 18 0 11 9 8 3 1 18 2 2 14 
2 0 13 13 10 16 1 31 9 5 7 1 18 14 16 10 1 7 4 9 12 
16 31 0 0 13 18 16 25 16 15 16 13 7 0 18 17 22 6 19 10 3 
15 31 2 0 12 17 15 25 15 15 15 13 6 1 18 16 22 15 18 9 9 
11 30 31 32 0 4 12 21 6 6 0 9 47 32 4 4 9 3 6 7 40 
24 6 15 12 0 0 25 45 19 27 3 23 16 13 1 1 7 16 19 29 20 
0 4 10 7 16 10 0 19 3 6 20 0 12 8 10 4 3 19 0 2 12 
16 19 24 22 12 20 16 0 18 16 25 16 22 22 20 13 18 25 19 18 26 
2 6 49 60 3 62 2 25 0 6 7 2 18 60 62 7 5 7 3 1 12 
3 3 15 13 4 11 2 25 3 0 8 2 12 13 11 4 2 7 3 3 18 
11 31 36 52 6 4 12 22 6 6 0 9 47 51 38 0 8 3 6 7 41 
0 5 9 8 16 10 0 18 4 7 20 0 13 8 10 5 4 19 0 3 12 
19 44 8 9 21 22 19 19 24 28 24 19 0 8 26 25 35 14 20 23 3 
16 31 2 0 13 18 16 24 16 15 15 13 7 0 18 17 21 15 19 10 9 
23 11 14 11 1 0 24 44 18 26 15 23 14 12 0 1 14 14 18 28 19 
11 9 10 7 1 0 11 26 6 8 0 8 11 7 2 0 11 3 6 10 15 
4 0 20 18 9 15 2 30 8 5 7 2 18 19 16 9 0 7 8 8 23 
20 49 4 58 17 75 20 44 20 26 20 20 12 9 75 20 26 0 23 21 5 
6 2 52 72 16 74 7 25 8 14 19 4 60 72 74 20 2 19 0 4 53 
2 7 12 10 5 10 2 27 2 6 9 2 14 11 10 5 6 9 4 0 19 
14 12 7 6 14 19 12 47 11 29 17 16 6 7 19 18 18 9 16 31 0 
# indicator whether saturdays count as workdays (stored as 1 or 0 for "TRUE" or "FALSE", resp.) [SCIP_Bool workOnSaturdays]
0
# start date of planning period (stored as 4 integers: day, month, year, weekday) [date* startDate]
9 11 2020 0
# end date of planning period (stored as 4 integers: day, month, year, weekday) [date* endDate]
27 11 2020 4
# maximal number of delay events considered (in robust optimization) [int maxDelayEvents]
10
# number of workdays in planning period [int nDays]
5
# day properties (stored as 6 integers: index, shift_start, shift_end, break_start, break_end, break_length) [dayProperty* days]
0 21600 79200 39600 54000 1800
1 21600 79200 39600 54000 1800
2 21600 79200 39600 54000 1800
3 21600 79200 39600 54000 1800
4 21600 79200 39600 54000 1800
# day sizes (day, number of available customers on that day) [int* day_sizes]
0 6
1 6
2 1
3 3
4 4
# list of neighbor nodes of customers for each day in planning period [neighbor*** neighbors]
0 3 12 2 20 
1 1 3 4 19 7 11 20 
2 3 0 12 20 
3 1 1 4 7 19 11 20 
4 1 19 7 11 20 
5 0 18 20 
6 4 17 14 20 
7 1 4 19 11 20 
8 0 10 16 18 5 20 
9 0 10 16 8 18 5 20 
10 0 8 16 18 5 20 
11 1 4 19 7 20 
12 3 0 2 20 
13 4 14 17 6 20 
14 4 17 6 20 
15 2 20 
16 0 10 8 18 5 20 
17 4 14 6 20 
18 0 5 20 
19 1 4 7 11 20 
20 0 9 10 8 16 5 18 
20 1 3 1 4 7 19 11 
20 2 15 
20 3 0 12 2 
20 4 13 17 14 6 
