# number of customers + 1 (depot stored as last "customer") [int nC]
41
# customer IDs (depot gets ID -1) [int* customerIDs]
114300140 114358156 114303646 114359200 114343146 114362702 114305529 114313265 114323482 114313549 114308142 114310267 114351745 114355464 114336034 114317399 114353086 114311711 114328717 114317252 114324712 114335664 114325148 114363490 114309092 114324717 114348452 114317972 114334849 114355152 114310230 114343250 114325075 114354635 114302489 114342520 114314053 114340928 114329256 114305096 -1 
# time window lists for each real customer (number of elements followed by elements' contents (day,start_t,end_t,weight)) [modelWindow** timeWindows]
10 4 46800 57600 0.80 9 46800 57600 0.80 1 39600 46800 0.87 6 39600 46800 0.87 0 54000 57600 0.40 5 54000 57600 0.40 3 39600 50400 0.92 8 39600 50400 0.92 2 32400 39600 0.79 7 32400 39600 0.79 
10 4 39600 43200 0.44 9 39600 43200 0.44 1 50400 54000 0.78 6 50400 54000 0.78 3 54000 57600 0.86 8 54000 57600 0.86 2 39600 46800 0.57 7 39600 46800 0.57 0 50400 57600 0.72 5 50400 57600 0.72 
10 0 50400 54000 0.58 5 50400 54000 0.58 2 54000 57600 0.64 7 54000 57600 0.64 1 32400 36000 0.79 6 32400 36000 0.79 4 36000 39600 0.46 9 36000 39600 0.46 3 39600 50400 0.44 8 39600 50400 0.44 
10 4 36000 39600 0.55 9 36000 39600 0.55 1 50400 57600 0.53 6 50400 57600 0.53 0 54000 57600 0.44 5 54000 57600 0.44 2 39600 43200 0.41 7 39600 43200 0.41 3 54000 61200 0.52 8 54000 61200 0.52 
10 2 50400 54000 0.51 7 50400 54000 0.51 1 50400 57600 0.96 6 50400 57600 0.96 0 36000 43200 0.44 5 36000 43200 0.44 4 36000 43200 0.44 9 36000 43200 0.44 3 46800 57600 0.97 8 46800 57600 0.97 
10 4 39600 50400 0.40 9 39600 50400 0.40 0 50400 61200 0.56 5 50400 61200 0.56 3 54000 57600 0.93 8 54000 57600 0.93 1 46800 57600 0.44 6 46800 57600 0.44 2 54000 61200 0.48 7 54000 61200 0.48 
10 4 32400 36000 0.41 9 32400 36000 0.41 3 50400 54000 0.56 8 50400 54000 0.56 2 46800 54000 0.49 7 46800 54000 0.49 0 54000 57600 0.90 5 54000 57600 0.90 1 32400 39600 0.86 6 32400 39600 0.86 
10 2 36000 46800 0.64 7 36000 46800 0.64 3 46800 54000 0.93 8 46800 54000 0.93 1 32400 43200 0.95 6 32400 43200 0.95 4 54000 57600 0.47 9 54000 57600 0.47 0 54000 61200 0.51 5 54000 61200 0.51 
10 1 50400 61200 0.43 6 50400 61200 0.43 4 32400 43200 0.75 9 32400 43200 0.75 2 39600 43200 0.93 7 39600 43200 0.93 3 43200 46800 0.98 8 43200 46800 0.98 0 54000 57600 0.94 5 54000 57600 0.94 
10 2 36000 43200 0.42 7 36000 43200 0.42 3 50400 54000 0.47 8 50400 54000 0.47 1 36000 43200 0.81 6 36000 43200 0.81 0 36000 39600 0.79 5 36000 39600 0.79 4 46800 57600 0.55 9 46800 57600 0.55 
10 1 54000 61200 0.68 6 54000 61200 0.68 2 39600 43200 0.59 7 39600 43200 0.59 3 43200 50400 0.57 8 43200 50400 0.57 0 46800 50400 0.86 5 46800 50400 0.86 4 32400 39600 0.49 9 32400 39600 0.49 
10 2 50400 54000 0.44 7 50400 54000 0.44 1 46800 50400 0.56 6 46800 50400 0.56 3 36000 43200 0.94 8 36000 43200 0.94 4 46800 54000 0.89 9 46800 54000 0.89 0 46800 50400 0.64 5 46800 50400 0.64 
10 3 46800 54000 0.55 8 46800 54000 0.55 2 46800 50400 0.51 7 46800 50400 0.51 1 36000 39600 0.47 6 36000 39600 0.47 4 54000 61200 0.40 9 54000 61200 0.40 0 39600 50400 0.77 5 39600 50400 0.77 
10 0 43200 46800 0.88 5 43200 46800 0.88 3 43200 46800 0.94 8 43200 46800 0.94 4 39600 43200 0.51 9 39600 43200 0.51 2 39600 50400 0.56 7 39600 50400 0.56 1 46800 57600 0.80 6 46800 57600 0.80 
10 3 50400 61200 0.59 8 50400 61200 0.59 1 46800 57600 0.69 6 46800 57600 0.69 2 43200 46800 0.48 7 43200 46800 0.48 0 50400 54000 0.86 5 50400 54000 0.86 4 46800 57600 0.62 9 46800 57600 0.62 
10 0 54000 57600 0.60 5 54000 57600 0.60 3 39600 43200 0.58 8 39600 43200 0.58 2 54000 61200 0.46 7 54000 61200 0.46 4 32400 39600 0.46 9 32400 39600 0.46 1 43200 46800 0.93 6 43200 46800 0.93 
10 3 32400 36000 0.76 8 32400 36000 0.76 0 54000 57600 0.50 5 54000 57600 0.50 1 43200 46800 0.99 6 43200 46800 0.99 4 46800 57600 0.55 9 46800 57600 0.55 2 39600 50400 0.87 7 39600 50400 0.87 
10 1 46800 54000 0.44 6 46800 54000 0.44 4 50400 54000 0.89 9 50400 54000 0.89 3 46800 57600 0.49 8 46800 57600 0.49 0 46800 57600 0.97 5 46800 57600 0.97 2 32400 36000 0.51 7 32400 36000 0.51 
10 2 32400 43200 0.74 7 32400 43200 0.74 1 54000 61200 0.85 6 54000 61200 0.85 4 54000 61200 0.50 9 54000 61200 0.50 0 43200 50400 0.88 5 43200 50400 0.88 3 46800 57600 0.75 8 46800 57600 0.75 
10 2 43200 54000 0.56 7 43200 54000 0.56 4 39600 46800 0.84 9 39600 46800 0.84 3 54000 61200 0.94 8 54000 61200 0.94 1 43200 46800 0.94 6 43200 46800 0.94 0 43200 54000 0.78 5 43200 54000 0.78 
10 2 50400 61200 0.75 7 50400 61200 0.75 1 50400 61200 0.74 6 50400 61200 0.74 3 36000 39600 0.94 8 36000 39600 0.94 0 50400 61200 0.65 5 50400 61200 0.65 4 50400 57600 0.90 9 50400 57600 0.90 
10 3 54000 61200 0.69 8 54000 61200 0.69 4 46800 54000 0.48 9 46800 54000 0.48 1 36000 39600 0.44 6 36000 39600 0.44 0 43200 54000 0.47 5 43200 54000 0.47 2 43200 54000 0.50 7 43200 54000 0.50 
10 1 32400 39600 0.41 6 32400 39600 0.41 2 50400 61200 0.66 7 50400 61200 0.66 4 36000 39600 0.90 9 36000 39600 0.90 3 39600 50400 0.95 8 39600 50400 0.95 0 39600 50400 0.77 5 39600 50400 0.77 
10 4 54000 57600 0.60 9 54000 57600 0.60 0 54000 57600 0.84 5 54000 57600 0.84 2 50400 57600 0.90 7 50400 57600 0.90 1 39600 50400 0.77 6 39600 50400 0.77 3 46800 57600 0.52 8 46800 57600 0.52 
10 3 43200 50400 0.62 8 43200 50400 0.62 2 50400 61200 0.91 7 50400 61200 0.91 0 46800 54000 0.54 5 46800 54000 0.54 1 39600 50400 0.57 6 39600 50400 0.57 4 43200 54000 0.64 9 43200 54000 0.64 
10 4 39600 43200 0.66 9 39600 43200 0.66 0 36000 46800 0.91 5 36000 46800 0.91 2 54000 61200 0.92 7 54000 61200 0.92 1 32400 39600 0.50 6 32400 39600 0.50 3 50400 54000 0.47 8 50400 54000 0.47 
10 3 39600 50400 0.61 8 39600 50400 0.61 0 32400 39600 0.77 5 32400 39600 0.77 2 36000 46800 0.76 7 36000 46800 0.76 1 39600 43200 0.78 6 39600 43200 0.78 4 36000 46800 0.54 9 36000 46800 0.54 
10 2 46800 57600 0.61 7 46800 57600 0.61 4 39600 46800 0.77 9 39600 46800 0.77 0 50400 61200 0.93 5 50400 61200 0.93 3 54000 57600 0.69 8 54000 57600 0.69 1 54000 57600 0.60 6 54000 57600 0.60 
10 2 46800 54000 0.81 7 46800 54000 0.81 3 36000 46800 0.86 8 36000 46800 0.86 4 36000 43200 0.71 9 36000 43200 0.71 1 36000 43200 0.94 6 36000 43200 0.94 0 36000 43200 0.57 5 36000 43200 0.57 
10 1 46800 54000 0.42 6 46800 54000 0.42 0 36000 46800 0.95 5 36000 46800 0.95 4 54000 61200 0.41 9 54000 61200 0.41 3 32400 36000 0.73 8 32400 36000 0.73 2 39600 46800 0.53 7 39600 46800 0.53 
10 0 50400 61200 0.77 5 50400 61200 0.77 2 36000 39600 0.50 7 36000 39600 0.50 3 43200 50400 0.40 8 43200 50400 0.40 1 39600 50400 0.94 6 39600 50400 0.94 4 39600 43200 0.95 9 39600 43200 0.95 
10 1 43200 54000 0.98 6 43200 54000 0.98 2 43200 54000 0.84 7 43200 54000 0.84 3 54000 57600 0.85 8 54000 57600 0.85 0 39600 46800 0.46 5 39600 46800 0.46 4 39600 43200 0.75 9 39600 43200 0.75 
10 4 32400 43200 0.78 9 32400 43200 0.78 3 43200 54000 0.54 8 43200 54000 0.54 1 50400 61200 0.97 6 50400 61200 0.97 2 46800 50400 0.56 7 46800 50400 0.56 0 43200 54000 0.53 5 43200 54000 0.53 
10 4 54000 57600 0.81 9 54000 57600 0.81 0 43200 54000 0.98 5 43200 54000 0.98 1 32400 36000 0.67 6 32400 36000 0.67 3 50400 54000 0.44 8 50400 54000 0.44 2 43200 46800 0.55 7 43200 46800 0.55 
10 2 32400 39600 0.47 7 32400 39600 0.47 4 54000 57600 0.86 9 54000 57600 0.86 1 50400 57600 0.46 6 50400 57600 0.46 3 50400 57600 0.74 8 50400 57600 0.74 0 54000 61200 0.72 5 54000 61200 0.72 
10 4 36000 39600 0.92 9 36000 39600 0.92 0 46800 50400 0.53 5 46800 50400 0.53 2 39600 46800 0.76 7 39600 46800 0.76 1 54000 57600 0.62 6 54000 57600 0.62 3 50400 57600 0.68 8 50400 57600 0.68 
10 4 36000 43200 0.99 9 36000 43200 0.99 0 46800 54000 0.48 5 46800 54000 0.48 1 39600 43200 0.56 6 39600 43200 0.56 3 43200 54000 0.61 8 43200 54000 0.61 2 43200 50400 0.52 7 43200 50400 0.52 
10 0 54000 61200 0.44 5 54000 61200 0.44 2 50400 57600 0.88 7 50400 57600 0.88 1 32400 43200 0.51 6 32400 43200 0.51 4 43200 46800 0.76 9 43200 46800 0.76 3 36000 46800 0.93 8 36000 46800 0.93 
10 0 50400 61200 0.81 5 50400 61200 0.81 4 43200 46800 0.55 9 43200 46800 0.55 2 54000 57600 0.47 7 54000 57600 0.47 3 39600 43200 0.40 8 39600 43200 0.40 1 54000 57600 0.96 6 54000 57600 0.96 
10 0 46800 57600 0.86 5 46800 57600 0.86 3 36000 46800 0.74 8 36000 46800 0.74 2 39600 46800 0.75 7 39600 46800 0.75 4 43200 46800 0.43 9 43200 46800 0.43 1 39600 43200 0.91 6 39600 43200 0.91 
# objective function coefficients [SCIP_Real* obj]
554.210333 186.698000 145.358000 508.111333 1094.956000 557.720333 1098.753333 1064.753333 564.387333 1032.288333 1036.813000 566.430333 1080.237333 572.059000 433.898667 1045.465333 183.706667 545.902000 545.884333 361.542667 1058.404000 1080.446000 1036.054000 507.352000 564.752000 289.313333 1070.393333 283.395000 219.258000 234.383143 580.873000 520.214000 258.202667 1022.125333 1065.972333 440.713667 1044.072000 1102.834333 221.108000 228.750000 0.000000 
# shift start time [int shift_start]
21600
# shift end time [int shift_end]
79200
# service times at customers (depot has service time 0.0) [int* t_service]
180 180 240 120 300 60 240 120 180 120 180 120 180 180 120 120 240 120 60 60 120 60 180 120 300 240 180 300 240 180 180 120 180 240 120 180 60 120 300 120 0 
# max. deviation of service times at customers (depot again 0.0) [int* t_service_maxDev]
120 300 300 420 420 240 360 240 180 420 180 300 540 240 420 360 60 420 420 480 180 540 180 120 360 240 180 120 120 120 300 240 360 240 120 240 420 240 360 300 0 
# morning/AM travel time matrix between customers (incl. depot as last customer) [int** t_travelAM]
0 932 695 1186 532 874 606 36 352 112 595 206 684 515 429 510 906 326 506 403 488 413 701 776 616 488 757 135 135 883 234 484 667 616 495 408 143 625 239 482 1902 
877 0 345 254 514 681 775 845 659 833 841 979 393 364 435 960 218 1004 562 840 452 477 812 633 831 452 284 762 709 195 1006 531 778 288 380 517 823 477 780 1009 1609 
701 352 0 607 405 655 521 669 483 657 587 735 199 255 326 852 285 681 239 731 344 368 558 606 578 344 135 586 533 303 742 422 525 179 271 408 647 450 552 901 1955 
912 51 379 0 548 701 809 880 693 868 875 1013 436 398 469 995 270 1038 597 874 487 512 846 667 866 487 327 796 744 247 1040 565 813 323 415 551 858 511 814 1044 1582 
621 594 491 849 0 454 748 589 403 565 738 710 601 159 297 657 588 748 465 536 315 296 844 357 759 315 535 506 453 545 737 148 810 278 139 236 567 205 517 706 1834 
859 615 676 869 448 0 986 826 640 815 975 960 786 396 497 920 773 986 702 799 515 533 1082 324 996 515 720 743 691 730 987 490 1047 469 376 476 804 318 755 969 1617 
532 830 573 1084 671 995 0 511 580 587 66 481 518 637 529 771 724 427 370 855 572 513 95 898 56 572 575 499 533 815 488 699 62 700 617 657 618 746 483 684 2104 
32 964 728 1218 564 906 618 0 384 76 608 197 717 547 462 476 939 308 539 370 520 445 714 809 629 520 789 167 167 915 224 516 680 648 527 440 106 657 271 472 1893 
343 678 510 932 326 650 594 311 0 299 583 444 509 292 175 592 672 463 331 485 234 158 690 553 604 234 571 220 166 629 471 354 655 362 272 312 289 402 261 641 2030 
74 991 770 1245 561 903 650 62 427 0 639 145 759 544 504 448 981 339 581 342 563 487 746 806 660 563 832 209 210 942 172 507 711 675 524 437 154 654 303 421 1841 
536 920 663 1174 761 1085 90 515 670 592 0 486 608 727 619 775 814 432 460 860 662 603 186 988 105 662 665 504 566 905 493 789 152 790 707 747 622 837 501 689 2109 
233 1093 924 1347 663 1005 718 221 586 218 707 0 900 646 663 386 1087 350 722 444 722 646 814 908 728 722 986 368 369 1044 27 609 779 777 626 539 260 756 419 299 1719 
683 393 158 647 544 797 471 651 465 639 538 693 0 397 330 933 281 639 180 826 368 366 508 749 528 368 140 568 515 378 700 565 475 322 414 530 629 593 524 895 1982 
538 449 346 703 150 429 666 506 320 494 655 640 456 0 139 596 443 665 382 476 156 181 762 363 676 156 390 423 370 400 667 167 727 133 16 153 484 211 435 645 1816 
468 502 361 756 299 609 602 436 250 424 591 570 370 195 0 718 496 595 284 611 58 55 664 526 612 58 422 353 300 453 597 316 631 186 175 302 414 374 371 767 1977 
487 1053 949 1307 607 965 994 475 810 412 983 527 1050 603 720 0 1047 752 873 235 744 703 1090 833 1004 744 994 592 593 1004 539 503 1055 737 583 499 447 717 696 138 1974 
908 206 345 460 545 794 714 876 690 864 780 1009 324 395 466 991 0 954 505 871 483 508 751 745 771 483 215 793 740 275 1015 562 718 319 411 548 854 589 811 1040 1815 
200 973 662 1227 637 961 456 179 427 256 445 327 638 603 490 631 873 0 460 524 529 479 552 864 466 529 724 167 230 924 355 621 517 656 583 546 286 713 157 603 2023 
568 535 235 789 459 783 435 547 380 554 447 522 177 420 245 811 430 468 0 741 283 281 471 686 468 283 280 396 381 520 529 487 438 399 400 445 544 535 344 724 2144 
329 896 792 1150 449 808 905 317 652 255 894 400 893 446 563 246 890 594 715 0 587 546 1001 676 915 587 837 435 435 847 427 346 967 579 426 342 289 559 539 295 1750 
447 560 419 815 308 632 574 415 228 403 563 548 429 253 58 696 555 574 291 589 0 24 670 535 584 0 480 331 279 511 576 336 636 244 233 293 393 383 343 745 2012 
462 536 394 790 323 642 589 430 244 418 579 564 404 229 33 711 530 589 306 604 92 0 685 550 600 92 456 347 294 487 591 349 651 220 209 309 408 398 358 760 2011 
610 854 575 1108 673 997 182 589 582 665 248 559 542 639 531 849 748 505 372 933 574 515 0 900 203 574 599 550 535 839 566 701 146 702 619 659 696 748 485 762 2182 
809 708 664 963 398 345 936 776 590 753 925 899 775 346 480 826 762 936 652 705 498 483 1032 0 946 498 709 693 641 719 926 440 997 452 326 426 754 268 705 867 1724 
556 890 633 1144 731 1056 60 535 640 611 90 505 579 697 590 795 784 451 431 879 632 573 88 958 0 632 635 523 585 875 512 759 51 760 677 717 642 807 520 708 2128 
447 560 419 815 308 632 574 415 228 403 563 548 429 253 58 696 555 574 291 589 0 24 670 535 584 0 480 331 279 511 576 336 636 244 233 293 393 383 343 745 2012 
775 255 145 509 455 704 514 743 556 731 580 809 193 305 376 901 149 755 313 781 393 418 551 656 571 393 0 659 607 240 816 472 518 229 321 458 721 500 626 950 1864 
172 847 574 1102 496 820 491 151 268 227 480 299 563 461 345 589 785 242 385 483 403 328 587 723 501 403 636 0 76 798 326 468 552 531 441 392 223 571 124 575 1995 
257 797 561 1051 445 769 533 236 217 267 522 384 549 410 294 579 772 327 372 472 353 277 629 672 543 353 622 85 0 748 411 457 594 480 390 381 238 520 189 628 2080 
721 150 189 405 358 518 619 689 503 677 685 823 299 208 279 804 294 848 406 684 296 321 655 470 675 296 233 606 553 0 850 375 622 132 224 361 667 314 624 853 1729 
206 1066 902 1320 636 978 698 194 559 191 687 104 880 619 636 467 1060 330 702 416 695 619 794 881 708 695 964 341 342 1017 0 582 759 750 599 512 233 729 399 380 1800 
506 633 530 887 130 527 755 476 409 431 744 577 640 184 319 518 627 714 471 397 340 302 851 384 765 340 574 472 459 584 604 0 816 317 164 107 454 279 524 567 1884 
607 840 583 1094 681 1005 75 586 590 663 141 557 529 647 540 846 734 503 380 931 582 523 37 908 57 582 585 558 543 825 564 709 0 710 627 667 693 757 493 759 2180 
589 316 212 570 225 475 642 557 370 545 708 690 322 75 146 672 310 716 405 551 164 189 679 426 699 164 257 473 421 267 717 242 646 0 92 228 535 270 491 721 1791 
522 469 366 723 133 449 649 490 303 478 638 623 476 20 159 580 463 649 365 459 176 196 745 352 659 176 410 406 354 420 650 150 711 153 0 136 468 201 418 629 1829 
494 631 528 885 185 544 731 462 385 419 720 565 625 182 295 531 625 700 447 411 319 278 827 447 741 319 572 458 436 582 592 113 792 315 162 0 440 295 500 580 1923 
100 973 737 1228 569 911 647 68 394 67 636 212 726 553 471 469 948 376 548 362 530 454 743 814 657 530 799 176 176 924 240 522 708 657 533 446 0 662 280 488 1908 
724 738 634 992 346 440 884 713 538 650 873 795 745 295 434 722 732 884 600 602 451 431 980 249 894 451 679 641 589 689 822 388 945 422 275 374 684 0 653 764 1819 
267 865 548 1119 534 858 366 246 324 323 356 395 524 500 387 692 759 344 346 586 425 376 462 761 377 425 610 117 179 820 422 562 428 553 480 495 326 609 0 641 2062 
491 1088 985 1342 642 1001 890 479 844 447 879 424 1072 639 755 117 1082 683 894 270 779 739 986 869 900 779 1029 626 627 1039 436 539 952 772 619 535 482 752 639 0 1923 
2143 2190 2438 2244 2217 2129 2542 2131 2467 2128 2531 2114 2548 2224 2324 2165 2408 2335 2530 2139 2342 2360 2638 2151 2552 2342 2474 2278 2278 2380 2141 2147 2603 2244 2204 2216 2170 2145 2291 2078 0 
# noon travel time matrix between customers (incl. depot as last customer) [int** t_travelNoon]
0 781 652 1061 451 742 512 37 337 111 507 189 654 422 414 483 761 281 478 369 472 397 603 657 528 472 683 120 121 699 216 401 572 494 406 339 144 512 199 457 1851 
883 0 338 280 507 631 751 851 658 825 818 949 385 358 432 910 229 976 543 794 447 472 786 592 806 447 287 760 708 192 976 521 755 280 375 511 829 471 756 959 1560 
704 335 0 616 380 583 498 672 479 646 565 735 182 231 305 783 263 660 226 667 320 344 533 543 553 320 126 571 529 253 742 393 502 152 247 384 650 420 533 832 1808 
921 54 375 0 546 668 787 890 697 864 854 988 439 397 471 949 283 1012 579 833 486 511 823 628 843 486 338 799 746 247 1015 559 791 318 413 550 868 507 795 998 1529 
587 500 387 781 0 411 681 558 365 513 676 637 487 142 263 588 481 685 416 473 278 259 773 326 698 278 421 467 415 419 664 138 741 214 126 218 536 181 466 637 1646 
789 545 574 807 412 0 881 758 564 732 876 856 673 342 443 817 668 884 616 701 458 459 972 311 898 458 608 667 614 605 883 427 941 400 326 418 736 279 666 866 1459 
473 689 473 970 601 884 0 452 547 527 66 453 418 564 486 737 569 378 333 756 535 468 91 799 55 535 433 441 501 658 460 625 60 610 548 599 559 654 441 651 2045 
31 812 684 1093 482 774 492 0 369 74 487 178 680 454 446 446 793 262 505 332 503 429 584 689 509 503 715 152 153 730 205 433 552 526 438 371 106 544 219 447 1840 
352 623 449 904 302 585 564 320 0 294 559 418 463 265 177 561 604 439 320 447 235 160 655 500 580 235 480 222 168 541 445 326 624 337 249 300 298 355 263 610 1820 
73 851 719 1131 512 812 522 62 411 0 518 123 710 492 488 420 831 292 535 306 545 471 614 727 539 545 750 190 195 769 150 446 582 564 476 409 154 582 249 392 1786 
474 773 558 1054 685 968 84 454 631 528 0 454 503 648 570 738 653 379 417 757 619 553 175 883 103 619 517 442 505 742 461 710 144 694 632 683 561 739 442 652 2046 
218 940 743 1221 601 901 546 206 555 202 541 0 734 582 620 378 910 296 559 395 669 603 637 816 563 669 773 338 339 858 27 535 606 653 566 499 244 672 334 292 1686 
691 370 150 651 515 718 436 659 466 634 503 692 0 366 319 900 250 616 175 787 356 354 472 678 492 356 114 559 516 339 698 528 440 287 382 519 637 555 520 889 1881 
528 358 245 639 149 379 619 496 303 470 614 594 344 0 120 551 339 623 330 436 135 160 674 333 636 135 279 405 353 276 621 162 642 71 16 152 474 188 404 601 1622 
490 459 304 740 283 565 544 458 265 432 560 556 318 189 0 697 439 571 236 581 57 52 579 480 581 57 334 367 315 377 583 307 548 172 173 298 436 336 349 746 1801 
438 861 748 1142 506 824 760 427 714 365 755 482 847 503 623 0 842 654 765 227 638 608 851 739 776 638 782 550 552 779 509 440 820 574 487 439 400 594 547 135 1903 
905 228 343 509 530 726 698 873 680 847 765 971 318 381 455 932 0 930 493 817 470 494 733 687 754 470 214 782 730 256 998 543 702 302 397 533 851 565 778 982 1789 
191 865 579 1146 571 854 382 171 418 245 377 292 570 534 456 588 746 0 394 474 501 439 473 769 399 501 609 159 222 811 319 591 442 606 518 529 277 625 151 560 1954 
558 508 230 789 453 736 402 537 398 566 460 538 175 416 251 821 389 462 0 719 288 286 437 651 457 288 252 397 384 468 545 477 405 367 400 451 569 506 344 735 1971 
310 733 619 1013 377 695 759 299 585 236 754 360 719 374 495 238 713 528 637 0 510 480 850 610 776 510 653 422 423 651 387 311 819 446 358 310 272 466 486 287 1708 
435 517 361 798 265 547 527 403 210 377 522 501 375 228 58 644 497 530 261 530 0 24 618 462 543 0 392 312 260 435 528 289 587 230 212 263 381 318 311 693 1783 
449 492 336 773 279 562 541 418 224 392 536 516 350 223 33 659 473 544 269 545 91 0 612 477 558 91 367 327 274 410 543 303 581 206 207 277 396 332 326 708 1797 
584 740 525 1021 632 915 176 563 578 638 243 564 470 595 517 848 620 488 364 867 566 499 0 830 199 566 484 545 532 709 571 656 144 662 579 630 670 685 481 762 2150 
762 621 552 883 384 320 854 730 537 689 849 813 651 314 421 763 646 857 588 648 436 431 945 0 870 436 586 639 587 583 840 400 914 378 298 390 708 252 638 812 1556 
497 744 529 1025 657 939 55 476 602 551 90 477 474 619 541 761 625 402 389 780 590 524 86 854 0 590 488 465 528 713 484 681 51 666 604 655 583 710 465 675 2069 
435 517 361 798 265 547 527 403 210 377 522 501 375 228 58 644 497 530 261 530 0 24 618 462 543 0 392 312 260 435 528 289 587 230 212 263 381 318 311 693 1783 
776 256 144 537 435 638 500 744 551 719 567 807 187 286 360 837 136 732 299 722 375 399 535 598 555 375 0 644 601 225 814 448 504 207 302 438 722 474 605 887 1816 
160 790 546 1071 469 751 419 140 267 214 414 261 547 432 344 551 713 217 372 438 401 327 510 667 435 401 576 0 76 708 288 445 479 503 416 383 212 522 99 530 1923 
244 739 533 1019 417 700 482 224 215 252 478 345 535 380 292 548 700 301 359 434 350 275 574 615 499 350 564 83 0 657 372 434 542 452 364 372 227 470 162 597 1935 
730 157 183 438 355 470 596 698 505 672 662 796 283 205 280 757 285 821 388 642 294 319 631 430 651 294 217 607 555 0 823 368 600 127 222 358 676 309 603 806 1624 
190 913 769 1194 574 874 572 179 528 175 567 92 760 554 605 447 893 278 584 368 652 588 663 789 589 652 799 311 312 831 0 508 632 626 539 472 217 645 341 361 1754 
464 512 398 792 132 474 681 440 364 390 676 514 498 153 274 465 492 652 416 350 289 259 772 386 698 289 432 434 414 430 541 0 741 225 137 104 418 245 466 514 1710 
546 699 484 980 611 894 72 525 557 599 139 526 429 574 496 809 579 450 343 829 545 479 35 809 54 545 443 514 511 668 533 636 0 620 558 609 632 665 461 723 2117 
603 286 173 567 227 430 585 571 378 545 652 669 272 78 152 630 267 698 362 514 167 192 621 391 641 167 207 480 428 204 696 241 589 0 95 231 549 267 476 679 1673 
511 374 260 655 132 395 603 479 286 454 598 577 360 15 136 535 354 606 337 419 151 176 690 322 619 151 294 389 336 292 605 146 658 87 0 136 457 178 388 584 1638 
454 511 397 791 155 473 675 432 358 380 670 504 497 152 270 487 491 644 409 372 288 252 766 389 691 288 431 426 408 429 531 106 735 224 136 0 410 244 459 536 1709 
100 838 714 1119 508 799 560 68 398 67 555 191 715 480 475 439 819 330 539 326 533 458 652 714 577 533 744 181 183 756 218 459 620 551 464 397 0 570 260 459 1853 
654 605 492 886 317 400 786 642 470 580 781 704 592 247 368 654 586 790 521 539 383 364 878 249 803 383 526 572 520 524 731 332 846 319 231 323 616 0 571 703 1635 
252 797 510 1078 479 762 320 231 321 306 315 353 502 442 363 646 677 315 326 533 403 346 411 677 336 403 541 109 172 718 380 503 380 514 426 477 307 532 0 599 1993 
408 898 785 1179 543 861 662 397 746 392 657 384 850 540 661 116 879 557 675 264 675 646 753 776 679 675 819 528 530 816 411 477 722 612 524 476 434 632 450 0 1870 
1837 1560 1800 1624 1668 1547 2091 1825 1821 1821 2086 1813 1899 1598 1699 1918 1789 1985 1872 1813 1714 1715 2182 1567 2107 1714 1834 1923 1871 1742 1840 1683 2151 1639 1582 1674 1863 1535 1878 1832 0 
# afternoon/PM travel time matrix between customers (incl. depot as last customer) [int** t_travelPM]
0 891 684 1179 515 822 662 37 354 111 664 204 684 481 429 501 862 327 504 397 487 411 759 734 673 487 718 127 128 802 232 466 724 564 465 395 144 589 245 479 1948 
926 0 355 288 552 660 810 894 696 878 889 1018 395 383 461 1002 240 1040 576 881 476 501 843 618 865 476 297 801 745 219 1046 575 810 297 401 563 873 542 801 1050 1785 
747 355 0 643 415 610 549 716 517 699 628 806 191 246 324 865 281 730 252 745 339 364 582 569 603 339 137 601 566 266 814 439 549 160 264 426 694 455 565 914 2008 
965 54 393 0 590 698 848 933 735 917 928 1056 449 422 500 1041 295 1078 624 920 515 539 882 657 903 515 348 839 783 274 1085 614 848 335 439 601 912 580 839 1089 1754 
629 565 442 854 0 432 779 597 399 556 781 696 551 155 282 638 559 752 466 518 297 290 876 344 790 297 485 503 447 477 724 140 841 238 139 234 576 199 513 687 1892 
874 582 656 870 463 0 1024 842 644 826 1026 965 765 400 504 925 774 997 711 804 519 535 1121 341 1035 519 700 748 693 691 994 498 1086 453 384 485 821 330 758 973 1624 
550 739 500 1027 634 939 0 530 567 604 79 524 440 597 512 815 610 448 349 864 549 497 97 851 62 549 467 518 513 714 532 668 64 645 581 631 637 706 488 727 2196 
31 923 716 1211 547 854 671 0 386 74 673 193 716 513 461 467 893 307 535 362 519 443 769 766 682 519 750 159 160 834 222 498 734 596 497 426 106 621 276 468 1937 
365 684 486 972 310 615 630 334 0 317 632 457 497 274 182 595 664 495 344 491 240 164 727 527 641 240 520 232 176 595 486 345 692 357 258 308 312 382 274 644 2075 
76 930 761 1218 554 861 704 64 430 0 706 139 760 520 505 436 924 340 580 332 564 488 801 773 715 564 794 203 204 841 168 490 766 603 504 433 155 628 309 414 1883 
534 832 593 1120 727 1032 93 513 660 588 0 508 533 690 605 799 703 432 442 848 642 590 190 944 110 642 560 502 564 807 516 761 157 738 674 724 620 799 521 711 2180 
231 1024 900 1312 648 955 759 220 586 212 762 0 916 613 660 390 1018 346 735 426 712 643 857 867 770 712 943 359 360 935 28 584 822 697 597 527 257 722 435 302 1771 
730 390 156 678 556 751 487 698 500 682 566 748 0 387 332 960 261 672 181 855 370 368 520 709 541 370 118 583 548 365 756 579 487 301 405 554 676 596 546 950 2149 
567 410 286 698 168 389 717 535 337 519 719 659 395 0 126 618 404 691 375 498 141 166 755 348 728 141 329 442 386 321 687 192 721 83 17 179 514 208 451 667 1857 
508 506 337 794 290 583 622 476 278 460 634 600 348 194 0 738 500 606 276 630 58 52 655 507 643 58 371 383 327 417 628 324 622 179 178 312 455 362 366 786 2042 
466 974 850 1262 563 903 991 455 785 390 993 518 959 563 690 0 968 730 853 234 705 677 1089 815 1002 705 893 578 579 885 531 476 1054 647 547 479 427 670 695 135 1999 
963 230 351 518 589 775 743 931 733 915 823 1054 323 420 498 1039 0 995 505 918 513 537 777 733 798 513 219 837 782 298 1079 612 744 334 438 599 910 628 837 1087 2015 
198 983 677 1271 634 939 512 177 438 252 514 316 669 598 503 616 854 0 489 512 540 495 609 851 523 540 710 166 228 900 345 626 574 661 582 555 284 706 177 591 2060 
590 534 240 822 483 788 454 569 426 608 533 606 180 432 259 886 405 530 0 782 296 295 488 700 509 296 261 406 390 491 614 517 454 385 416 480 603 555 365 808 2233 
328 835 711 1123 424 765 956 316 647 251 958 391 820 425 551 243 829 592 714 0 566 538 1053 677 967 566 755 439 440 746 420 337 1018 508 409 340 289 532 557 291 1794 
450 564 393 853 276 581 600 418 220 402 602 541 404 240 58 680 558 573 287 575 0 24 697 493 611 0 427 324 268 476 570 311 662 237 224 274 397 348 334 728 2041 
464 540 369 828 291 596 614 432 234 416 616 556 379 228 33 694 534 588 302 590 92 0 687 508 625 92 402 339 283 451 584 325 653 213 212 288 411 363 348 742 2055 
637 789 550 1077 661 966 187 617 595 691 266 611 490 625 540 902 660 535 377 951 577 525 0 879 200 577 516 557 541 763 619 696 145 695 609 659 723 734 515 814 2283 
822 656 610 944 411 327 972 790 592 770 974 910 719 348 457 843 727 945 659 722 472 483 1069 0 983 472 653 696 640 644 939 446 1034 406 332 433 768 278 706 891 1786 
554 797 559 1085 692 997 58 534 626 608 97 528 498 656 570 819 669 452 407 869 608 555 88 909 0 608 525 522 572 772 536 727 51 704 640 690 641 764 542 731 2200 
450 564 393 853 276 581 600 418 220 402 602 541 404 240 58 680 558 573 287 575 0 24 697 493 611 0 427 324 268 476 570 311 662 237 224 274 397 348 334 728 2041 
822 272 148 560 489 685 540 790 592 774 619 880 188 321 399 940 143 804 327 819 414 438 573 643 595 414 0 675 641 247 888 513 540 234 338 500 769 529 639 988 2057 
183 855 571 1143 481 786 556 162 278 237 558 301 571 445 353 582 748 263 390 478 411 335 653 698 567 411 605 0 77 766 330 475 618 528 429 403 222 553 138 576 2045 
263 803 560 1091 429 734 557 242 226 269 559 381 560 393 300 578 738 348 380 473 359 283 654 646 568 359 594 84 0 714 409 463 619 476 377 391 237 501 201 626 2125 
760 157 189 445 386 488 644 729 530 712 723 852 298 217 296 836 315 874 420 716 310 335 678 446 699 310 233 635 579 0 881 410 644 131 235 397 707 370 635 885 1813 
203 995 871 1283 619 926 751 191 557 183 753 99 887 585 632 463 989 327 707 397 683 614 848 838 762 683 915 330 331 906 0 555 813 668 569 498 229 693 416 375 1844 
508 583 460 872 133 511 783 497 403 432 785 571 569 173 300 509 577 757 471 389 315 295 881 396 794 315 503 508 452 495 600 0 846 256 157 106 469 278 517 558 1940 
609 746 507 1034 641 946 77 588 574 663 151 583 447 604 519 874 617 507 356 923 556 504 37 858 54 556 474 536 520 721 591 675 0 652 588 638 695 713 495 786 2255 
629 327 203 615 254 450 658 597 399 581 737 720 312 86 164 705 320 743 413 584 179 203 691 408 712 179 246 503 447 238 749 278 658 0 104 265 576 294 503 753 1862 
549 426 302 714 150 405 699 517 319 501 701 641 411 16 142 601 420 673 387 480 157 182 771 342 710 157 345 424 368 337 669 174 737 99 0 161 496 197 433 649 1873 
487 586 462 874 175 515 759 457 379 410 761 550 571 175 288 522 579 721 447 401 311 271 856 427 770 311 505 457 428 497 579 115 821 259 159 0 435 282 493 570 1975 
100 937 741 1225 561 868 718 68 410 67 720 206 740 527 485 460 918 376 560 355 544 468 816 780 729 544 774 183 184 848 235 512 781 610 511 441 0 635 301 482 1951 
725 695 572 984 348 415 909 713 529 649 911 788 681 285 412 721 689 882 596 601 427 420 1006 258 920 427 615 633 577 607 817 383 971 368 269 370 686 0 643 770 1874 
265 864 558 1152 515 820 417 245 337 319 419 384 535 479 385 684 735 353 355 579 422 379 514 733 428 422 592 116 178 781 412 550 479 543 463 505 323 588 0 659 2128 
461 1010 887 1298 599 940 889 450 816 427 891 415 996 600 727 117 1004 665 866 271 741 713 986 852 900 741 930 589 590 921 428 512 951 683 584 515 464 707 618 0 1966 
1923 1655 1910 1724 1788 1634 2331 1911 1969 1903 2351 1896 2019 1725 1829 1953 1896 2127 2037 1885 1844 1861 2364 1666 2360 1844 1953 2050 2018 1852 1925 1823 2331 1722 1709 1810 1949 1655 2079 1865 0 
# average travel time matrix between customers (incl. depot as last customer) [int** t_travel]
0 868 677 1142 500 813 594 37 348 112 589 200 674 473 424 498 843 312 496 390 483 407 688 723 606 483 720 128 128 795 228 451 655 558 456 381 144 576 228 473 1901 
896 0 346 274 525 658 779 864 671 846 850 982 391 369 443 958 229 1007 561 839 459 484 814 615 834 459 290 775 721 202 1010 543 781 289 386 531 842 497 779 1006 1652 
718 348 0 622 400 616 523 686 493 668 594 759 191 244 319 834 277 691 239 715 335 359 558 573 578 335 133 586 543 274 766 418 526 164 261 406 664 442 550 883 1924 
933 53 383 0 562 689 815 901 709 883 886 1019 442 406 480 995 283 1043 600 876 496 521 851 651 871 496 338 812 758 256 1047 580 818 326 423 568 880 533 816 1044 1622 
613 553 440 828 0 433 736 582 389 545 732 681 547 152 281 628 543 729 449 509 297 282 831 343 749 297 481 492 439 481 709 142 798 244 135 230 560 195 499 677 1791 
841 581 636 849 441 0 964 809 616 791 959 927 742 380 482 888 739 956 677 768 498 509 1059 326 977 498 676 720 666 676 955 472 1025 441 362 460 787 309 727 936 1567 
519 753 516 1027 636 940 0 498 565 573 71 486 459 600 509 775 635 418 351 825 552 493 95 850 58 552 492 486 516 729 494 664 62 652 582 629 605 702 471 688 2115 
32 900 710 1174 531 845 594 0 380 75 590 190 705 505 457 463 875 293 527 355 514 439 689 755 607 514 752 160 160 827 217 483 656 590 488 413 106 608 256 463 1890 
354 662 482 936 313 617 596 322 0 304 592 440 490 277 178 583 647 466 332 475 237 161 691 527 609 237 524 225 170 589 468 342 657 352 260 307 300 380 266 632 1975 
75 924 750 1198 543 859 626 63 423 0 621 136 743 519 499 435 912 324 566 327 558 482 721 769 638 558 792 201 203 851 164 481 687 614 502 427 155 622 287 409 1837 
515 842 605 1116 725 1029 89 494 654 570 0 483 548 689 598 771 724 415 440 822 641 582 184 939 106 641 581 483 545 818 490 754 151 741 671 718 601 792 488 684 2112 
228 1019 856 1294 638 954 675 216 576 211 670 0 850 614 648 385 1005 331 672 422 701 631 770 864 687 701 901 355 356 946 28 576 736 709 597 522 254 717 396 298 1726 
702 385 155 659 539 756 465 670 477 652 536 711 0 384 327 931 264 643 179 823 365 363 500 712 521 365 124 570 527 361 718 558 468 304 401 535 648 582 530 912 2004 
545 406 293 680 156 399 668 513 320 495 663 631 399 0 129 589 396 660 363 470 144 169 731 348 680 144 333 424 370 333 659 174 697 96 17 162 491 203 430 638 1765 
489 489 334 764 291 586 590 457 265 439 595 576 346 193 0 718 479 591 266 608 58 53 633 505 612 58 376 368 314 416 603 316 601 179 176 304 435 358 362 767 1940 
464 963 849 1237 559 898 915 453 770 389 911 509 952 557 678 0 953 712 831 232 696 663 1010 796 928 696 890 574 575 890 527 473 977 653 539 473 425 661 646 136 1959 
926 222 347 496 555 765 719 894 701 876 790 1012 322 399 473 988 0 960 501 869 489 513 754 722 775 489 216 804 751 277 1031 573 722 319 416 560 872 594 809 1037 1873 
197 941 640 1215 614 918 450 176 428 251 446 312 626 579 483 612 825 0 448 504 524 471 545 828 463 524 681 164 227 879 340 613 511 641 561 544 283 682 162 585 2013 
572 526 235 800 465 769 431 551 402 576 480 556 178 423 252 840 408 487 0 748 289 288 466 679 478 289 265 400 385 493 563 494 433 384 406 459 572 532 351 756 2116 
323 822 708 1096 417 756 874 311 628 248 869 384 811 415 537 243 811 572 689 0 555 522 968 655 886 555 749 432 433 748 412 332 935 511 398 331 284 519 528 291 1751 
444 547 391 822 283 587 567 412 220 394 563 530 403 241 58 674 537 559 280 565 0 24 662 497 580 0 433 323 269 474 558 312 629 237 223 277 391 350 330 722 1946 
459 523 367 797 298 600 582 427 234 409 577 546 378 227 33 688 513 574 293 580 92 0 662 512 595 92 409 338 284 450 573 326 629 213 210 292 405 365 344 737 1955 
611 795 550 1069 656 960 182 590 585 665 253 578 501 620 530 867 676 510 371 917 573 513 0 870 201 573 533 551 536 771 586 685 145 687 603 650 697 723 494 780 2205 
798 662 609 930 398 331 921 766 573 738 916 874 715 336 453 811 712 913 633 692 469 466 1016 0 933 469 650 676 623 649 902 429 982 412 319 417 744 266 683 857 1689 
536 811 574 1085 694 998 58 515 623 590 93 504 517 658 567 792 693 435 409 843 610 551 88 907 0 610 550 504 562 787 511 723 51 710 641 688 622 761 509 705 2133 
444 547 391 822 283 587 567 412 220 394 563 530 403 241 58 674 537 559 280 565 0 24 662 497 580 0 433 323 269 474 558 312 629 237 223 277 391 350 330 722 1946 
791 261 146 536 460 676 518 759 567 742 589 832 190 304 379 893 143 764 313 774 394 419 553 633 574 394 0 660 617 238 840 478 521 224 321 466 738 501 624 942 1913 
172 831 564 1106 482 786 489 151 271 226 484 287 561 446 348 574 749 241 383 467 405 330 584 696 501 405 606 0 77 758 315 463 550 521 429 393 219 549 121 561 1988 
255 780 552 1054 431 735 524 234 220 263 520 370 548 395 296 569 737 326 371 460 354 279 619 645 537 354 594 84 0 707 398 452 585 470 377 382 234 497 184 617 2047 
737 155 187 430 367 492 620 706 513 687 690 824 294 210 285 799 298 848 405 681 300 325 655 449 675 300 228 616 563 0 852 385 622 130 227 372 684 331 621 848 1722 
200 992 848 1266 610 926 674 188 548 183 669 99 843 586 625 459 981 312 665 394 677 607 769 836 687 677 893 328 329 918 0 549 735 682 569 494 227 689 386 372 1800 
493 576 463 851 132 504 740 471 392 418 735 554 569 170 298 498 566 708 453 379 315 286 835 389 753 315 503 472 442 503 582 0 801 266 153 106 447 268 503 547 1845 
588 762 525 1036 645 949 75 567 574 642 144 556 469 609 519 843 644 487 360 895 561 502 37 859 55 561 501 536 525 738 563 674 0 661 591 638 674 712 483 756 2184 
607 310 196 584 236 452 629 575 383 557 699 693 302 80 154 669 299 719 394 550 170 195 664 409 684 170 237 486 432 237 721 254 631 0 97 242 554 277 490 718 1776 
528 423 310 698 139 417 651 496 303 478 646 614 416 17 146 572 413 643 363 453 162 185 736 339 663 162 350 407 353 350 642 157 702 113 0 145 474 192 413 621 1780 
479 576 463 850 172 511 722 451 374 403 717 540 565 170 285 514 565 689 435 395 306 267 817 421 734 306 503 447 424 503 568 112 783 266 153 0 429 274 484 562 1869 
100 916 731 1191 546 860 642 68 401 67 637 203 727 520 477 456 895 361 549 348 536 460 737 770 655 536 773 180 181 843 231 498 703 606 503 428 0 623 281 477 1904 
701 680 566 954 337 419 860 690 513 627 855 763 673 276 405 699 669 852 573 581 421 405 955 252 873 421 607 616 562 607 790 368 921 370 259 356 662 0 623 746 1776 
262 842 539 1117 510 814 368 241 328 316 364 378 521 474 379 674 724 338 343 566 417 367 463 724 381 417 581 114 177 773 405 539 429 537 457 493 319 577 0 633 2061 
454 999 886 1273 595 934 814 442 802 422 809 408 973 593 715 117 989 635 812 269 732 700 909 833 827 732 926 581 583 926 425 510 875 689 576 509 460 697 569 0 1920 
1968 1802 2050 1864 1891 1770 2322 1956 2086 1951 2323 1941 2156 1849 1951 2012 2031 2149 2147 1946 1967 1979 2395 1795 2340 1967 2087 2084 2056 1992 1969 1885 2362 1869 1832 1900 1994 1779 2083 1925 0 
# max. deviation of (average) travel time matrix between customers (incl. depot as last customer) [int** t_travel_maxDev]
0 64 18 44 32 61 68 0 6 0 75 6 10 42 5 12 63 15 10 13 5 6 71 53 67 5 37 7 7 88 6 33 69 58 39 27 0 49 17 9 47 
30 0 9 14 27 23 31 30 25 32 39 36 4 14 18 44 11 33 15 42 17 17 29 18 31 17 7 26 24 17 36 32 29 8 15 32 31 45 22 44 133 
29 7 0 21 15 39 26 30 24 31 34 47 8 11 7 31 8 39 13 30 9 9 24 33 25 9 4 15 23 29 48 21 23 15 10 20 30 13 15 31 84 
32 1 10 0 28 12 33 32 26 34 42 37 7 16 20 46 12 35 24 44 19 18 31 16 32 19 10 27 25 18 38 34 30 9 16 33 32 47 23 45 132 
16 41 51 26 0 21 43 15 14 20 49 29 54 7 16 29 45 23 17 27 18 14 45 14 41 18 54 14 14 64 28 6 43 34 4 6 16 10 18 29 101 
33 34 40 21 22 0 60 33 28 35 67 38 44 20 22 37 35 41 34 36 21 26 62 15 58 21 44 28 27 54 39 26 61 28 22 25 34 21 31 37 57 
31 77 57 57 35 55 0 32 15 31 8 38 59 37 20 40 89 30 19 39 20 20 2 48 4 20 83 32 17 86 38 35 2 48 35 28 32 44 17 39 81 
0 64 18 44 33 61 77 0 6 1 83 7 12 42 5 13 64 15 12 15 6 6 80 54 75 6 37 7 7 88 7 33 78 58 39 27 0 49 20 9 47 
11 22 28 36 13 33 34 12 0 13 40 17 19 15 4 12 25 29 12 16 3 3 36 26 32 3 47 7 6 40 18 12 35 10 12 5 12 22 8 12 100 
1 67 20 47 18 44 78 1 7 0 85 9 17 25 6 13 69 16 15 15 6 6 80 37 77 6 40 8 7 91 8 26 79 61 22 10 0 32 22 12 46 
21 78 58 58 36 56 4 21 16 22 0 25 60 38 21 28 90 17 20 38 21 21 6 49 4 21 84 21 21 87 26 35 6 49 36 29 21 45 33 27 68 
5 74 68 53 25 51 84 5 10 7 92 0 66 32 15 5 82 19 63 22 21 15 87 44 83 21 85 13 13 98 0 33 86 68 29 17 6 39 39 4 45 
28 8 3 19 17 41 22 28 23 30 30 37 0 13 5 29 17 29 2 32 5 5 20 37 20 5 16 13 21 17 38 21 19 18 13 19 28 14 16 38 145 
22 43 53 23 12 30 49 22 17 24 56 28 57 0 10 29 47 31 19 28 12 12 31 15 48 12 57 18 16 67 28 18 30 37 0 17 23 8 21 29 92 
19 17 27 30 8 23 32 19 13 21 39 24 24 2 0 20 21 15 18 22 0 2 31 21 31 0 46 15 13 37 25 8 30 7 2 8 20 16 9 19 102 
23 90 100 70 48 67 79 22 40 23 82 18 98 46 42 0 94 40 42 3 48 40 80 37 76 48 104 18 18 114 12 30 78 84 44 26 22 56 50 2 40 
37 8 4 22 34 29 24 37 32 39 33 42 2 21 25 51 0 35 4 49 24 24 23 23 23 24 3 33 31 21 48 39 22 15 22 39 38 34 28 50 142 
3 42 37 56 23 43 62 3 10 5 68 15 43 24 20 19 48 0 41 20 16 24 64 36 60 16 43 3 3 45 15 13 63 20 22 11 3 31 15 18 47 
18 9 5 22 18 19 23 18 24 32 53 50 2 9 7 46 22 43 0 34 7 7 22 21 31 7 15 6 5 27 51 23 21 15 10 21 31 23 14 52 117 
6 74 84 54 32 52 82 6 24 7 89 16 82 31 26 3 79 22 26 0 32 24 85 22 81 32 88 7 7 99 15 14 83 68 28 11 5 40 29 4 43 
6 17 28 31 25 45 33 6 8 9 39 18 26 12 0 22 21 15 11 24 0 0 35 38 31 0 47 8 10 37 18 24 33 7 10 16 6 33 13 23 95 
5 17 27 31 25 42 32 5 10 9 39 18 26 2 0 23 21 15 13 24 0 0 25 38 30 0 47 9 10 37 18 23 24 7 2 17 6 33 14 23 100 
26 59 25 39 17 37 5 27 10 26 13 33 41 19 10 35 72 25 6 34 4 12 0 30 2 4 66 6 5 68 33 16 1 15 16 9 26 25 21 34 78 
24 46 55 33 13 14 51 24 19 32 58 36 60 12 27 32 50 32 26 30 29 17 53 0 50 29 59 20 18 70 37 17 52 40 13 16 24 12 23 34 97 
20 79 59 59 37 58 2 20 17 21 4 24 62 39 23 27 91 17 22 36 22 22 0 51 0 22 85 19 23 88 25 36 0 50 36 29 20 46 33 26 67 
6 17 28 31 25 45 33 6 8 9 39 18 26 12 0 22 21 15 11 24 0 0 35 38 31 0 47 8 10 37 18 24 33 7 10 16 6 33 13 23 95 
31 11 2 24 29 28 22 31 25 32 30 48 3 17 20 47 6 40 14 45 20 19 20 23 21 20 0 15 24 9 48 35 19 10 17 34 31 28 15 46 144 
11 24 10 37 14 34 67 11 7 11 74 14 10 15 5 15 36 22 7 16 6 5 69 27 66 6 30 0 0 40 15 12 68 10 12 10 4 22 17 15 57 
8 23 9 37 14 34 33 8 6 6 39 14 12 15 4 10 35 22 9 13 5 4 35 27 31 5 28 1 0 41 13 11 34 10 13 9 4 23 17 11 78 
23 2 2 15 19 26 24 23 17 25 33 28 5 7 11 37 17 26 15 35 10 10 23 21 24 10 5 19 16 0 29 25 22 2 8 25 23 39 14 37 91 
6 74 54 54 26 52 77 6 11 8 84 5 44 33 11 8 79 18 42 22 18 12 79 45 75 18 71 13 13 99 0 33 78 68 30 18 6 40 30 8 44 
15 57 67 36 1 23 43 26 17 14 50 23 71 14 21 20 61 49 18 18 25 16 46 7 41 25 71 36 17 81 22 0 45 51 11 1 22 11 21 20 95 
21 78 58 58 36 56 2 21 16 21 7 27 60 38 21 31 90 20 20 36 21 21 0 49 2 21 84 22 18 87 28 35 0 49 36 29 21 45 12 30 71 
22 17 16 31 18 23 29 22 16 24 38 27 20 6 10 36 21 24 19 34 9 8 27 17 28 9 20 17 15 30 28 24 27 0 7 23 22 17 13 35 86 
21 46 56 25 11 32 48 21 16 23 55 27 60 3 13 29 50 30 24 27 14 11 35 13 47 14 60 17 15 70 27 17 35 40 0 16 22 9 20 28 93 
15 55 65 35 13 33 37 11 11 16 44 25 60 12 10 17 60 32 12 16 13 11 39 26 36 13 69 11 12 79 24 3 38 49 9 0 11 21 16 18 106 
0 57 10 37 23 51 76 0 9 0 83 9 13 33 8 13 53 15 11 14 8 8 79 44 74 8 26 3 3 81 9 24 78 51 30 18 0 39 20 11 47 
24 58 68 38 11 21 49 23 25 23 56 32 72 19 29 23 63 32 27 21 30 26 51 6 47 30 72 25 27 82 32 20 50 52 16 18 24 0 30 24 98 
5 23 19 35 24 44 49 5 9 7 55 17 14 26 8 18 35 15 12 20 8 12 51 37 47 8 29 3 2 47 17 23 50 16 23 12 7 32 0 26 67 
37 89 99 69 47 67 76 37 42 25 82 16 99 46 40 0 93 48 82 2 47 39 77 36 73 47 103 45 44 113 11 29 77 83 43 26 22 55 70 0 46 
175 388 388 380 326 359 220 175 381 177 208 173 392 375 373 153 377 186 383 193 375 381 243 356 212 375 387 194 222 388 172 262 241 375 372 316 176 366 208 153 0 
# indicator whether saturdays count as workdays (stored as 1 or 0 for "TRUE" or "FALSE", resp.) [SCIP_Bool workOnSaturdays]
0
# start date of planning period (stored as 4 integers: day, month, year, weekday) [date* startDate]
9 11 2020 0
# end date of planning period (stored as 4 integers: day, month, year, weekday) [date* endDate]
27 11 2020 4
# maximal number of delay events considered (in robust optimization) [int maxDelayEvents]
10
# number of workdays in planning period [int nDays]
10
# day properties (stored as 6 integers: index, shift_start, shift_end, break_start, break_end, break_length) [dayProperty* days]
0 21600 79200 39600 54000 1800
1 21600 79200 39600 54000 1800
2 21600 79200 39600 54000 1800
3 21600 79200 39600 54000 1800
4 21600 79200 39600 54000 1800
5 21600 79200 39600 54000 1800
6 21600 79200 39600 54000 1800
7 21600 79200 39600 54000 1800
8 21600 79200 39600 54000 1800
9 21600 79200 39600 54000 1800
# day sizes (day, number of available customers on that day) [int* day_sizes]
0 40
1 40
2 40
3 40
4 40
5 40
6 40
7 40
8 40
9 40
# list of neighbor nodes of customers for each day in planning period [neighbor*** neighbors]
0 0 17 39 27 30 38 20 5 1 7 8 34 15 37 6 23 16 3 40 
0 1 7 37 9 28 36 30 39 24 26 23 19 31 15 16 11 17 14 13 5 29 8 20 34 4 32 1 3 27 38 35 18 10 40 
0 2 17 34 18 7 9 30 26 8 35 39 13 10 29 16 1 3 36 19 21 14 31 33 27 28 6 12 32 11 20 4 37 24 22 23 38 25 15 2 5 40 
0 3 28 11 39 37 38 15 2 26 22 36 30 8 13 10 24 32 7 17 18 4 12 23 9 35 14 25 34 33 6 27 19 21 31 5 1 3 40 
0 4 5 24 9 11 21 14 16 17 20 7 34 18 33 12 23 29 40 
0 5 17 39 27 30 38 20 5 1 7 8 34 15 37 6 23 16 3 40 
0 6 7 37 9 28 36 30 39 24 26 23 19 31 15 16 11 17 14 13 5 29 8 20 34 4 32 1 3 27 38 35 18 10 40 
0 7 17 34 18 7 9 30 26 8 35 39 13 10 29 16 1 3 36 19 21 14 31 33 27 28 6 12 32 11 20 4 37 24 22 23 38 25 15 2 5 40 
0 8 28 11 39 37 38 15 2 26 22 36 30 8 13 10 24 32 7 17 18 4 12 23 9 35 14 25 34 33 6 27 19 21 31 5 1 3 40 
0 9 5 24 9 11 21 14 16 17 20 7 34 18 33 12 23 29 40 
1 0 33 21 32 19 24 36 17 39 2 14 20 5 27 38 30 16 3 34 37 23 8 6 7 0 15 40 
1 1 31 29 13 14 5 17 3 34 20 4 8 32 35 18 27 38 10 40 
1 2 18 26 9 7 29 16 3 13 35 8 10 39 33 14 21 31 36 19 12 28 27 6 32 20 37 4 23 22 24 11 2 25 5 38 15 40 
1 3 4 18 23 17 34 14 35 3 21 31 5 27 19 40 
1 4 8 32 26 4 28 36 13 25 31 5 27 19 30 37 38 24 39 16 14 21 9 0 11 20 17 29 33 12 34 18 23 7 40 
1 5 33 21 32 19 24 36 17 39 2 14 20 5 27 38 30 16 3 34 37 23 8 6 7 0 15 40 
1 6 31 29 13 14 5 17 3 34 20 4 8 32 35 18 27 38 10 40 
1 7 18 26 9 7 29 16 3 13 35 8 10 39 33 14 21 31 36 19 12 28 27 6 32 20 37 4 23 22 24 11 2 25 5 38 15 40 
1 8 4 18 23 17 34 14 35 3 21 31 5 27 19 40 
1 9 8 32 26 4 28 36 13 25 31 5 27 19 30 37 38 24 39 16 14 21 9 0 11 20 17 29 33 12 34 18 23 7 40 
2 0 33 21 32 19 24 36 17 39 14 20 1 38 27 5 30 34 16 37 8 6 23 3 7 0 15 40 
2 1 33 25 37 6 22 7 12 21 28 9 26 24 23 36 0 30 39 16 31 19 15 13 29 14 5 17 11 34 20 1 4 8 32 3 18 35 38 27 10 40 
2 2 27 20 37 22 24 23 25 38 5 15 40 
2 3 37 28 11 39 26 38 22 0 15 13 8 32 24 10 36 30 12 18 4 23 7 17 33 34 14 25 35 6 9 1 21 31 27 3 5 19 40 
2 4 8 32 10 15 26 4 35 28 22 3 36 13 25 1 31 27 5 19 30 37 38 24 39 16 14 21 9 0 11 20 17 33 12 18 34 29 23 7 40 
2 5 33 21 32 19 24 36 17 39 14 20 1 38 27 5 30 34 16 37 8 6 23 3 7 0 15 40 
2 6 33 25 37 6 22 7 12 21 28 9 26 24 23 36 0 30 39 16 31 19 15 13 29 14 5 17 11 34 20 1 4 8 32 3 18 35 38 27 10 40 
2 7 27 20 37 22 24 23 25 38 5 15 40 
2 8 37 28 11 39 26 38 22 0 15 13 8 32 24 10 36 30 12 18 4 23 7 17 33 34 14 25 35 6 9 1 21 31 27 3 5 19 40 
2 9 8 32 10 15 26 4 35 28 22 3 36 13 25 1 31 27 5 19 30 37 38 24 39 16 14 21 9 0 11 20 17 33 12 18 34 29 23 7 40 
3 0 17 39 1 20 5 27 38 30 16 34 37 23 8 6 7 0 15 40 
3 1 31 29 13 14 5 17 1 34 20 4 8 32 35 18 27 38 10 40 
3 2 18 26 9 7 1 29 16 13 35 8 10 39 33 14 21 31 36 19 12 28 27 6 32 20 37 4 23 22 24 11 2 25 5 38 15 40 
3 3 4 18 23 17 34 14 35 1 21 31 5 27 19 40 
3 4 8 32 10 15 26 2 4 35 28 22 36 1 13 25 31 5 27 19 30 37 38 24 39 16 14 21 9 0 11 20 17 29 33 34 12 18 23 7 40 
3 5 17 39 1 20 5 27 38 30 16 34 37 23 8 6 7 0 15 40 
3 6 31 29 13 14 5 17 1 34 20 4 8 32 35 18 27 38 10 40 
3 7 18 26 9 7 1 29 16 13 35 8 10 39 33 14 21 31 36 19 12 28 27 6 32 20 37 4 23 22 24 11 2 25 5 38 15 40 
3 8 4 18 23 17 34 14 35 1 21 31 5 27 19 40 
3 9 8 32 10 15 26 2 4 35 28 22 36 1 13 25 31 5 27 19 30 37 38 24 39 16 14 21 9 0 11 20 17 29 33 34 12 18 23 7 40 
4 0 26 25 28 29 9 31 12 22 13 33 21 18 19 32 35 36 39 11 17 10 24 14 20 5 2 27 38 1 30 34 37 23 8 16 7 0 15 6 3 40 
4 1 31 13 14 5 29 17 34 20 8 1 32 3 35 18 27 38 10 40 
4 2 31 21 19 28 27 6 37 20 23 11 24 22 25 5 2 38 15 40 
4 3 2 26 0 22 36 30 10 24 32 23 18 7 12 17 34 35 33 14 25 9 6 31 21 5 27 19 1 3 40 
4 4 8 15 10 32 35 28 2 26 36 3 22 31 13 25 5 27 19 1 30 37 38 39 24 21 14 9 16 0 11 20 17 34 33 23 18 29 7 12 40 
4 5 26 25 28 29 9 31 12 22 13 33 21 18 19 32 35 36 39 11 17 10 24 14 20 5 2 27 38 1 30 34 37 23 8 16 7 0 15 6 3 40 
4 6 31 13 14 5 29 17 34 20 8 1 32 3 35 18 27 38 10 40 
4 7 31 21 19 28 27 6 37 20 23 11 24 22 25 5 2 38 15 40 
4 8 2 26 0 22 36 30 10 24 32 23 18 7 12 17 34 35 33 14 25 9 6 31 21 5 27 19 1 3 40 
4 9 8 15 10 32 35 28 2 26 36 3 22 31 13 25 5 27 19 1 30 37 38 39 24 21 14 9 16 0 11 20 17 34 33 23 18 29 7 12 40 
5 0 33 21 19 32 36 39 17 24 14 20 1 2 27 38 30 37 23 34 8 16 7 3 0 15 6 40 
5 1 23 30 24 31 13 14 29 11 17 34 4 20 1 8 3 32 35 18 27 38 10 40 
5 2 27 37 23 20 24 22 25 2 38 15 40 
5 3 23 4 18 17 34 35 14 31 21 1 27 19 3 40 
5 4 8 32 4 28 26 36 13 31 25 1 27 19 30 37 38 39 24 14 21 16 9 0 11 20 17 23 34 33 18 29 12 7 40 
5 5 33 21 19 32 36 39 17 24 14 20 1 2 27 38 30 37 23 34 8 16 7 3 0 15 6 40 
5 6 23 30 24 31 13 14 29 11 17 34 4 20 1 8 3 32 35 18 27 38 10 40 
5 7 27 37 23 20 24 22 25 2 38 15 40 
5 8 23 4 18 17 34 35 14 31 21 1 27 19 3 40 
5 9 8 32 4 28 26 36 13 31 25 1 27 19 30 37 38 39 24 14 21 16 9 0 11 20 17 23 34 33 18 29 12 7 40 
6 0 17 39 38 27 30 20 1 5 7 0 8 34 16 37 15 23 3 40 
6 1 22 7 25 2 33 37 21 12 28 9 24 30 0 26 36 39 23 31 16 15 19 17 11 14 13 29 5 32 20 8 34 4 1 3 10 18 38 27 35 40 
6 2 13 16 21 36 31 19 32 12 27 28 24 22 11 20 4 37 23 38 25 2 15 5 40 
6 3 32 36 18 17 12 7 4 23 14 25 9 34 35 33 21 27 31 1 19 5 3 40 
6 4 32 10 8 15 22 28 2 26 36 35 4 3 27 30 25 13 31 1 19 5 24 38 39 37 21 11 14 0 9 16 17 20 18 12 7 34 33 29 23 40 
6 5 17 39 38 27 30 20 1 5 7 0 8 34 16 37 15 23 3 40 
6 6 22 7 25 2 33 37 21 12 28 9 24 30 0 26 36 39 23 31 16 15 19 17 11 14 13 29 5 32 20 8 34 4 1 3 10 18 38 27 35 40 
6 7 13 16 21 36 31 19 32 12 27 28 24 22 11 20 4 37 23 38 25 2 15 5 40 
6 8 32 36 18 17 12 7 4 23 14 25 9 34 35 33 21 27 31 1 19 5 3 40 
6 9 32 10 8 15 22 28 2 26 36 35 4 3 27 30 25 13 31 1 19 5 24 38 39 37 21 11 14 0 9 16 17 20 18 12 7 34 33 29 23 40 
7 0 17 39 27 30 38 20 5 1 0 8 15 34 37 6 23 16 3 40 
7 1 25 33 37 6 2 22 9 28 21 12 0 36 30 39 24 26 23 19 15 31 16 11 17 14 13 5 29 8 20 34 4 32 1 3 27 38 35 18 10 40 
7 2 0 34 18 9 30 26 8 35 39 13 10 29 16 1 3 36 19 21 14 31 33 27 28 6 12 32 11 20 4 37 24 22 23 38 15 25 2 5 40 
7 3 0 2 22 26 36 30 10 24 32 17 18 4 12 23 9 35 14 25 34 33 6 27 19 21 31 5 1 3 40 
7 4 0 9 14 16 20 34 18 33 12 23 29 40 
7 5 17 39 27 30 38 20 5 1 0 8 15 34 37 6 23 16 3 40 
7 6 25 33 37 6 2 22 9 28 21 12 0 36 30 39 24 26 23 19 15 31 16 11 17 14 13 5 29 8 20 34 4 32 1 3 27 38 35 18 10 40 
7 7 0 34 18 9 30 26 8 35 39 13 10 29 16 1 3 36 19 21 14 31 33 27 28 6 12 32 11 20 4 37 24 22 23 38 15 25 2 5 40 
7 8 0 2 22 26 36 30 10 24 32 17 18 4 12 23 9 35 14 25 34 33 6 27 19 21 31 5 1 3 40 
7 9 0 9 14 16 20 34 18 33 12 23 29 40 
8 0 17 39 27 20 38 30 5 1 34 7 0 37 23 15 6 16 3 40 
8 1 31 14 13 17 29 5 20 34 4 1 32 3 27 38 35 18 10 40 
8 2 18 9 7 26 13 35 29 10 39 16 1 3 21 14 36 31 33 19 28 27 12 6 32 20 4 37 11 23 24 22 25 38 2 15 5 40 
8 3 28 37 39 0 2 26 22 13 36 30 10 24 32 4 7 18 17 12 23 14 25 34 35 9 33 6 21 27 31 19 5 1 3 40 
8 4 15 6 10 32 28 35 36 4 2 26 22 3 27 25 13 31 30 19 5 1 38 37 24 39 21 14 9 0 11 16 20 17 34 7 18 33 12 23 29 40 
8 5 17 39 27 20 38 30 5 1 34 7 0 37 23 15 6 16 3 40 
8 6 31 14 13 17 29 5 20 34 4 1 32 3 27 38 35 18 10 40 
8 7 18 9 7 26 13 35 29 10 39 16 1 3 21 14 36 31 33 19 28 27 12 6 32 20 4 37 11 23 24 22 25 38 2 15 5 40 
8 8 28 37 39 0 2 26 22 13 36 30 10 24 32 4 7 18 17 12 23 14 25 34 35 9 33 6 21 27 31 19 5 1 3 40 
8 9 15 6 10 32 28 35 36 4 2 26 22 3 27 25 13 31 30 19 5 1 38 37 24 39 21 14 9 0 11 16 20 17 34 7 18 33 12 23 29 40 
9 0 26 28 4 25 29 31 12 22 19 21 13 18 33 32 11 36 17 39 35 10 24 30 27 38 14 20 2 5 1 7 0 8 15 34 37 6 23 16 3 40 
9 1 7 25 37 6 22 28 21 12 0 36 30 39 24 23 26 19 15 31 16 11 17 14 13 5 29 8 34 4 20 32 1 3 27 38 35 18 10 40 
9 2 0 34 18 7 30 26 39 8 35 13 10 29 16 1 3 36 19 21 14 31 33 27 28 6 12 32 11 4 20 37 24 22 23 38 15 25 2 5 40 
9 3 36 32 7 17 4 18 12 23 35 14 34 25 33 6 27 19 21 31 5 1 3 40 
9 4 5 24 0 11 21 14 16 17 20 7 34 18 33 12 23 29 40 
9 5 26 28 4 25 29 31 12 22 19 21 13 18 33 32 11 36 17 39 35 10 24 30 27 38 14 20 2 5 1 7 0 8 15 34 37 6 23 16 3 40 
9 6 7 25 37 6 22 28 21 12 0 36 30 39 24 23 26 19 15 31 16 11 17 14 13 5 29 8 34 4 20 32 1 3 27 38 35 18 10 40 
9 7 0 34 18 7 30 26 39 8 35 13 10 29 16 1 3 36 19 21 14 31 33 27 28 6 12 32 11 4 20 37 24 22 23 38 15 25 2 5 40 
9 8 36 32 7 17 4 18 12 23 35 14 34 25 33 6 27 19 21 31 5 1 3 40 
9 9 5 24 0 11 21 14 16 17 20 7 34 18 33 12 23 29 40 
10 0 22 12 32 18 21 33 19 24 17 11 36 39 35 27 30 38 14 20 2 1 5 6 7 0 8 34 15 16 37 23 3 40 
10 1 14 13 5 32 20 8 34 4 3 18 27 38 35 40 
10 2 18 7 9 26 8 39 13 35 16 29 1 3 21 14 36 31 33 19 6 32 27 28 12 24 22 11 20 4 37 23 38 25 2 15 5 40 
10 3 28 39 37 22 0 2 26 24 32 30 36 8 13 17 18 7 12 4 23 6 9 14 25 34 35 33 27 21 31 19 1 5 3 40 
10 4 6 32 8 15 22 28 36 2 26 35 4 3 27 30 25 13 31 19 1 5 24 38 39 37 11 0 9 21 14 16 17 20 18 7 12 34 33 29 23 40 
10 5 22 12 32 18 21 33 19 24 17 11 36 39 35 27 30 38 14 20 2 1 5 6 7 0 8 34 15 16 37 23 3 40 
10 6 14 13 5 32 20 8 34 4 3 18 27 38 35 40 
10 7 18 7 9 26 8 39 13 35 16 29 1 3 21 14 36 31 33 19 6 32 27 28 12 24 22 11 20 4 37 23 38 25 2 15 5 40 
10 8 28 39 37 22 0 2 26 24 32 30 36 8 13 17 18 7 12 4 23 6 9 14 25 34 35 33 27 21 31 19 1 5 3 40 
10 9 6 32 8 15 22 28 36 2 26 35 4 3 27 30 25 13 31 19 1 5 24 38 39 37 11 0 9 21 14 16 17 20 18 7 12 34 33 29 23 40 
11 0 22 12 19 21 18 33 32 36 39 17 35 10 24 30 27 38 14 20 2 5 1 7 0 15 8 34 37 6 23 16 3 40 
11 1 30 24 23 31 17 13 14 5 29 8 34 4 20 32 1 3 27 38 35 18 10 40 
11 2 19 31 21 27 28 6 4 20 37 24 22 23 15 38 25 2 5 40 
11 3 39 28 20 37 0 15 38 22 2 26 30 36 8 13 10 24 32 7 17 4 18 23 12 9 35 34 14 25 6 33 27 19 31 21 5 1 3 40 
11 4 5 24 9 0 21 14 16 17 20 7 34 18 33 23 12 29 40 
11 5 22 12 19 21 18 33 32 36 39 17 35 10 24 30 27 38 14 20 2 5 1 7 0 15 8 34 37 6 23 16 3 40 
11 6 30 24 23 31 17 13 14 5 29 8 34 4 20 32 1 3 27 38 35 18 10 40 
11 7 19 31 21 27 28 6 4 20 37 24 22 23 15 38 25 2 5 40 
11 8 39 28 20 37 0 15 38 22 2 26 30 36 8 13 10 24 32 7 17 4 18 23 12 9 35 34 14 25 6 33 27 19 31 21 5 1 3 40 
11 9 5 24 9 0 21 14 16 17 20 7 34 18 33 23 12 29 40 
12 0 25 29 28 4 22 31 18 33 21 13 32 19 24 35 10 17 36 11 39 2 14 20 1 38 27 30 5 16 34 6 8 37 3 7 0 23 15 40 
12 1 25 6 22 37 7 21 28 9 26 24 36 0 23 30 39 16 31 19 15 14 29 13 17 11 5 20 1 34 32 8 4 3 18 38 35 10 27 40 
12 2 16 13 21 31 36 19 6 32 28 27 20 22 24 4 37 11 23 2 25 38 5 15 40 
12 3 26 2 22 0 32 24 10 36 30 18 4 17 7 23 33 14 25 34 6 35 9 21 1 31 27 3 5 19 40 
12 4 16 14 9 0 20 18 33 29 34 7 23 40 
12 5 25 29 28 4 22 31 18 33 21 13 32 19 24 35 10 17 36 11 39 2 14 20 1 38 27 30 5 16 34 6 8 37 3 7 0 23 15 40 
12 6 25 6 22 37 7 21 28 9 26 24 36 0 23 30 39 16 31 19 15 14 29 13 17 11 5 20 1 34 32 8 4 3 18 38 35 10 27 40 
12 7 16 13 21 31 36 19 6 32 28 27 20 22 24 4 37 11 23 2 25 38 5 15 40 
12 8 26 2 22 0 32 24 10 36 30 18 4 17 7 23 33 14 25 34 6 35 9 21 1 31 27 3 5 19 40 
12 9 16 14 9 0 20 18 33 29 34 7 23 40 
13 0 25 29 31 12 22 33 21 18 19 32 35 36 11 39 17 10 24 14 20 2 5 27 1 38 30 34 37 8 23 16 7 0 15 3 6 40 
13 1 23 30 24 31 14 29 5 11 17 34 20 4 8 1 3 32 35 18 27 38 10 40 
13 2 18 26 9 7 35 8 29 16 1 39 3 10 33 14 21 31 19 36 28 27 12 6 32 20 4 37 23 11 24 22 25 2 5 38 15 40 
13 3 37 28 39 2 26 0 22 8 36 30 10 32 24 4 23 18 12 7 17 34 33 14 25 35 9 6 21 31 5 27 1 19 3 40 
13 4 8 32 4 28 26 36 25 31 5 27 1 19 30 37 38 39 24 14 21 16 9 0 11 20 17 34 33 23 18 29 12 7 40 
13 5 25 29 31 12 22 33 21 18 19 32 35 36 11 39 17 10 24 14 20 2 5 27 1 38 30 34 37 8 23 16 7 0 15 3 6 40 
13 6 23 30 24 31 14 29 5 11 17 34 20 4 8 1 3 32 35 18 27 38 10 40 
13 7 18 26 9 7 35 8 29 16 1 39 3 10 33 14 21 31 19 36 28 27 12 6 32 20 4 37 23 11 24 22 25 2 5 38 15 40 
13 8 37 28 39 2 26 0 22 8 36 30 10 32 24 4 23 18 12 7 17 34 33 14 25 35 9 6 21 31 5 27 1 19 3 40 
13 9 8 32 4 28 26 36 25 31 5 27 1 19 30 37 38 39 24 14 21 16 9 0 11 20 17 34 33 23 18 29 12 7 40 
14 0 21 33 19 32 36 17 24 39 20 2 38 27 1 5 30 34 8 37 7 16 0 23 6 15 3 40 
14 1 23 30 24 31 13 29 11 17 5 20 34 8 4 1 32 3 18 35 38 27 10 40 
14 2 26 7 13 35 29 16 1 39 21 33 31 36 19 28 12 27 6 32 20 4 37 23 11 24 22 25 2 38 5 15 40 
14 3 36 32 18 4 12 7 23 17 25 34 33 35 9 6 21 31 27 1 5 19 3 40 
14 4 5 24 21 9 16 0 11 20 17 34 33 18 12 29 7 23 40 
14 5 21 33 19 32 36 17 24 39 20 2 38 27 1 5 30 34 8 37 7 16 0 23 6 15 3 40 
14 6 23 30 24 31 13 29 11 17 5 20 34 8 4 1 32 3 18 35 38 27 10 40 
14 7 26 7 13 35 29 16 1 39 21 33 31 36 19 28 12 27 6 32 20 4 37 23 11 24 22 25 2 38 5 15 40 
14 8 36 32 18 4 12 7 23 17 25 34 33 35 9 6 21 31 27 1 5 19 3 40 
14 9 5 24 21 9 16 0 11 20 17 34 33 18 12 29 7 23 40 
15 0 39 17 30 27 38 20 5 1 7 0 34 37 8 23 6 16 3 40 
15 1 0 30 23 24 19 31 16 11 13 14 17 5 29 34 4 20 8 1 32 3 35 27 38 18 10 40 
15 2 27 37 20 23 24 22 38 25 2 5 40 
15 3 39 11 28 37 0 38 2 26 22 36 30 13 8 10 24 32 7 4 17 23 18 12 9 35 34 14 33 25 6 19 31 27 21 5 1 3 40 
15 4 8 10 6 32 36 35 28 4 2 26 22 3 19 31 30 27 13 25 5 1 39 38 37 24 9 0 11 21 14 16 20 17 7 34 33 23 18 29 12 40 
15 5 39 17 30 27 38 20 5 1 7 0 34 37 8 23 6 16 3 40 
15 6 0 30 23 24 19 31 16 11 13 14 17 5 29 34 4 20 8 1 32 3 35 27 38 18 10 40 
15 7 27 37 20 23 24 22 38 25 2 5 40 
15 8 39 11 28 37 0 38 2 26 22 36 30 13 8 10 24 32 7 4 17 23 18 12 9 35 34 14 33 25 6 19 31 27 21 5 1 3 40 
15 9 8 10 6 32 36 35 28 4 2 26 22 3 19 31 30 27 13 25 5 1 39 38 37 24 9 0 11 21 14 16 20 17 7 34 33 23 18 29 12 40 
16 0 17 39 1 20 5 27 38 30 34 3 37 8 6 23 7 0 15 40 
16 1 23 24 0 30 31 19 15 29 13 14 5 17 11 1 34 20 3 4 8 32 18 35 10 27 38 40 
16 2 18 26 9 7 1 29 13 3 35 8 10 39 33 14 21 31 36 19 12 6 32 28 27 20 4 37 23 22 24 11 2 25 5 38 15 40 
16 3 29 20 37 28 11 39 26 2 22 38 0 15 13 8 32 24 10 36 30 12 18 4 23 7 17 33 34 14 25 35 6 9 1 3 21 31 5 27 19 40 
16 4 5 24 14 21 9 0 11 20 17 29 12 33 34 18 23 7 40 
16 5 17 39 1 20 5 27 38 30 34 3 37 8 6 23 7 0 15 40 
16 6 23 24 0 30 31 19 15 29 13 14 5 17 11 1 34 20 3 4 8 32 18 35 10 27 38 40 
16 7 18 26 9 7 1 29 13 3 35 8 10 39 33 14 21 31 36 19 12 6 32 28 27 20 4 37 23 22 24 11 2 25 5 38 15 40 
16 8 29 20 37 28 11 39 26 2 22 38 0 15 13 8 32 24 10 36 30 12 18 4 23 7 17 33 34 14 25 35 6 9 1 3 21 31 5 27 19 40 
16 9 5 24 14 21 9 0 11 20 17 29 12 33 34 18 23 7 40 
17 0 22 12 18 21 19 32 33 36 11 10 24 35 39 27 38 30 14 20 2 5 1 7 0 8 6 34 15 37 23 16 3 40 
17 1 30 24 23 31 11 14 13 29 5 8 20 32 34 4 1 3 27 38 18 10 35 40 
17 2 0 18 34 7 9 30 26 8 10 35 13 39 16 29 1 3 36 21 14 19 31 33 27 28 6 32 12 11 24 20 22 4 37 23 38 25 15 2 5 40 
17 3 0 22 2 26 36 30 10 24 32 7 18 4 12 23 9 14 6 25 35 34 33 27 21 19 31 5 1 3 40 
17 4 24 0 9 11 21 14 16 20 7 18 34 33 12 23 29 40 
17 5 22 12 18 21 19 32 33 36 11 10 24 35 39 27 38 30 14 20 2 5 1 7 0 8 6 34 15 37 23 16 3 40 
17 6 30 24 23 31 11 14 13 29 5 8 20 32 34 4 1 3 27 38 18 10 35 40 
17 7 0 18 34 7 9 30 26 8 10 35 13 39 16 29 1 3 36 21 14 19 31 33 27 28 6 32 12 11 24 20 22 4 37 23 38 25 15 2 5 40 
17 8 0 22 2 26 36 30 10 24 32 7 18 4 12 23 9 14 6 25 35 34 33 27 21 19 31 5 1 3 40 
17 9 24 0 9 11 21 14 16 20 7 18 34 33 12 23 29 40 
18 0 25 29 12 22 31 21 33 13 32 19 35 24 17 10 36 11 39 2 14 20 38 27 1 30 5 34 8 16 6 37 7 0 23 3 15 40 
18 1 14 13 5 20 34 8 32 4 3 38 27 35 10 40 
18 2 34 17 0 26 7 9 30 8 16 13 35 29 10 1 39 3 14 21 33 31 36 19 12 28 27 6 32 20 4 22 24 37 11 23 2 25 38 5 15 40 
18 3 2 26 22 0 32 24 10 36 30 12 4 17 7 23 14 25 33 34 6 35 9 21 27 31 1 19 5 3 40 
18 4 14 16 0 9 20 12 33 34 29 7 23 40 
18 5 25 29 12 22 31 21 33 13 32 19 35 24 17 10 36 11 39 2 14 20 38 27 1 30 5 34 8 16 6 37 7 0 23 3 15 40 
18 6 14 13 5 20 34 8 32 4 3 38 27 35 10 40 
18 7 34 17 0 26 7 9 30 8 16 13 35 29 10 1 39 3 14 21 33 31 36 19 12 28 27 6 32 20 4 22 24 37 11 23 2 25 38 5 15 40 
18 8 2 26 22 0 32 24 10 36 30 12 4 17 7 23 14 25 33 34 6 35 9 21 27 31 1 19 5 3 40 
18 9 14 16 0 9 20 12 33 34 29 7 23 40 
19 0 25 29 31 12 22 13 21 33 18 32 36 39 35 11 17 10 24 30 27 38 14 20 2 5 1 15 7 0 34 37 8 23 16 6 3 40 
19 1 0 30 23 24 15 31 16 11 13 14 17 5 29 34 4 20 8 1 32 3 35 27 38 18 10 40 
19 2 7 26 39 35 13 29 16 1 36 31 21 14 33 27 28 12 6 32 11 4 37 20 23 24 22 15 38 25 2 5 40 
19 3 4 17 23 18 35 34 14 31 27 21 5 1 3 40 
19 4 8 32 36 28 4 26 31 30 27 13 25 5 1 39 38 37 24 9 0 11 21 14 16 20 17 7 34 33 23 18 29 12 40 
19 5 25 29 31 12 22 13 21 33 18 32 36 39 35 11 17 10 24 30 27 38 14 20 2 5 1 15 7 0 34 37 8 23 16 6 3 40 
19 6 0 30 23 24 15 31 16 11 13 14 17 5 29 34 4 20 8 1 32 3 35 27 38 18 10 40 
19 7 7 26 39 35 13 29 16 1 36 31 21 14 33 27 28 12 6 32 11 4 37 20 23 24 22 15 38 25 2 5 40 
19 8 4 17 23 18 35 34 14 31 27 21 5 1 3 40 
19 9 8 32 36 28 4 26 31 30 27 13 25 5 1 39 38 37 24 9 0 11 21 14 16 20 17 7 34 33 23 18 29 12 40 
20 0 21 33 19 32 36 17 24 39 14 27 38 2 1 30 5 8 34 37 7 0 23 16 6 15 3 40 
20 1 31 14 13 29 17 5 8 34 4 1 32 3 18 35 27 38 10 40 
20 2 21 31 19 28 27 6 4 37 23 11 24 22 25 38 2 5 15 40 
20 3 28 37 11 39 38 2 0 26 15 22 8 13 36 30 10 24 32 18 4 7 12 23 17 25 14 34 33 35 9 6 21 27 31 1 19 5 3 40 
20 4 24 21 14 9 0 11 16 17 34 33 18 7 12 29 23 40 
20 5 21 33 19 32 36 17 24 39 14 27 38 2 1 30 5 8 34 37 7 0 23 16 6 15 3 40 
20 6 31 14 13 29 17 5 8 34 4 1 32 3 18 35 27 38 10 40 
20 7 21 31 19 28 27 6 4 37 23 11 24 22 25 38 2 5 15 40 
20 8 28 37 11 39 38 2 0 26 15 22 8 13 36 30 10 24 32 18 4 7 12 23 17 25 14 34 33 35 9 6 21 27 31 1 19 5 3 40 
20 9 24 21 14 9 0 11 16 17 34 33 18 7 12 29 23 40 
21 0 25 29 31 12 22 33 13 18 19 32 35 36 11 17 10 24 39 14 20 27 38 2 1 30 5 34 8 37 7 0 16 23 6 15 3 40 
21 1 25 37 7 6 22 28 12 9 36 26 0 23 30 24 39 31 16 19 15 14 13 29 11 17 5 20 34 8 4 1 32 3 18 35 27 38 10 40 
21 2 7 26 13 35 29 16 1 39 14 33 31 36 19 28 27 12 6 32 20 4 37 23 11 24 22 25 38 2 5 15 40 
21 3 18 4 23 17 14 34 35 27 31 1 19 5 3 40 
21 4 5 24 14 9 0 16 11 20 17 34 33 18 12 7 29 23 40 
21 5 25 29 31 12 22 33 13 18 19 32 35 36 11 17 10 24 39 14 20 27 38 2 1 30 5 34 8 37 7 0 16 23 6 15 3 40 
21 6 25 37 7 6 22 28 12 9 36 26 0 23 30 24 39 31 16 19 15 14 13 29 11 17 5 20 34 8 4 1 32 3 18 35 27 38 10 40 
21 7 7 26 13 35 29 16 1 39 14 33 31 36 19 28 27 12 6 32 20 4 37 23 11 24 22 25 38 2 5 15 40 
21 8 18 4 23 17 14 34 35 27 31 1 19 5 3 40 
21 9 5 24 14 9 0 16 11 20 17 34 33 18 12 7 29 23 40 
22 0 28 25 4 29 12 31 32 18 21 13 33 19 24 10 17 11 35 36 39 38 14 27 2 20 30 1 5 6 8 7 34 0 16 37 23 15 3 40 
22 1 6 2 25 7 33 37 21 28 12 9 24 26 30 0 36 39 23 31 16 15 19 17 14 11 13 29 5 32 20 8 34 4 1 3 10 18 38 27 35 40 
22 2 21 31 19 6 28 27 24 20 11 4 37 23 38 2 25 15 5 40 
22 3 28 11 37 39 38 2 26 0 15 32 24 10 8 30 13 36 18 17 12 7 4 23 6 14 25 34 35 9 33 21 27 31 1 19 5 3 40 
22 4 32 10 8 15 28 2 26 35 4 36 3 27 25 30 13 31 1 19 5 24 38 37 39 21 14 11 0 9 16 17 20 18 12 7 34 33 29 23 40 
22 5 28 25 4 29 12 31 32 18 21 13 33 19 24 10 17 11 35 36 39 38 14 27 2 20 30 1 5 6 8 7 34 0 16 37 23 15 3 40 
22 6 6 2 25 7 33 37 21 28 12 9 24 26 30 0 36 39 23 31 16 15 19 17 14 11 13 29 5 32 20 8 34 4 1 3 10 18 38 27 35 40 
22 7 21 31 19 6 28 27 24 20 11 4 37 23 38 2 25 15 5 40 
22 8 28 11 37 39 38 2 26 0 15 32 24 10 8 30 13 36 18 17 12 7 4 23 6 14 25 34 35 9 33 21 27 31 1 19 5 3 40 
22 9 32 10 8 15 28 2 26 35 4 36 3 27 25 30 13 31 1 19 5 24 38 37 39 21 14 11 0 9 16 17 20 18 12 7 34 33 29 23 40 
23 0 39 17 5 20 27 38 1 30 37 34 8 16 7 0 15 3 6 40 
23 1 37 7 28 9 26 36 0 39 30 24 31 19 16 15 5 13 14 29 11 17 34 4 20 8 1 3 32 35 18 27 38 10 40 
23 2 31 21 19 28 27 6 37 4 20 11 24 22 5 25 2 38 15 40 
23 3 2 26 0 22 36 30 10 24 32 4 18 12 7 17 34 35 33 14 25 9 6 5 31 21 27 1 19 3 40 
23 4 14 16 9 0 20 34 33 18 29 12 7 40 
23 5 39 17 5 20 27 38 1 30 37 34 8 16 7 0 15 3 6 40 
23 6 37 7 28 9 26 36 0 39 30 24 31 19 16 15 5 13 14 29 11 17 34 4 20 8 1 3 32 35 18 27 38 10 40 
23 7 31 21 19 28 27 6 37 4 20 11 24 22 5 25 2 38 15 40 
23 8 2 26 0 22 36 30 10 24 32 4 18 12 7 17 34 35 33 14 25 9 6 5 31 21 27 1 19 3 40 
23 9 14 16 9 0 20 34 33 18 29 12 7 40 
24 0 22 12 32 18 21 33 19 10 17 11 36 35 39 27 30 38 14 20 2 1 5 6 7 0 8 34 16 37 15 23 3 40 
24 1 7 37 28 9 30 0 26 36 39 23 31 16 15 19 17 11 14 13 29 5 32 20 8 34 4 1 3 10 18 27 38 35 40 
24 2 21 31 19 6 27 28 22 11 20 4 37 23 38 25 2 15 5 40 
24 3 28 39 37 22 0 2 26 32 10 30 8 36 13 18 17 7 12 4 23 6 14 9 25 34 35 33 27 21 31 19 1 5 3 40 
24 4 26 27 19 5 38 39 37 11 0 21 14 9 16 17 20 18 7 12 34 33 29 23 40 
24 5 22 12 32 18 21 33 19 10 17 11 36 35 39 27 30 38 14 20 2 1 5 6 7 0 8 34 16 37 15 23 3 40 
24 6 7 37 28 9 30 0 26 36 39 23 31 16 15 19 17 11 14 13 29 5 32 20 8 34 4 1 3 10 18 27 38 35 40 
24 7 21 31 19 6 27 28 22 11 20 4 37 23 38 25 2 15 5 40 
24 8 28 39 37 22 0 2 26 32 10 30 8 36 13 18 17 7 12 4 23 6 14 9 25 34 35 33 27 21 31 19 1 5 3 40 
24 9 26 27 19 5 38 39 37 11 0 21 14 9 16 17 20 18 7 12 34 33 29 23 40 
25 0 26 28 4 9 29 31 12 22 21 33 13 18 19 32 35 36 11 17 10 24 39 20 14 27 38 2 1 30 5 8 34 37 7 0 23 16 6 15 3 40 
25 1 33 37 7 2 6 22 21 28 9 12 36 0 26 23 30 24 39 31 16 19 15 14 13 29 11 17 5 20 8 34 4 1 32 3 18 35 27 38 10 40 
25 2 27 20 37 23 24 22 38 2 5 15 40 
25 3 36 32 18 4 7 12 23 17 14 34 33 35 9 6 21 27 31 1 19 5 3 40 
25 4 8 32 28 4 36 26 13 27 31 1 30 19 5 38 37 24 39 21 14 9 0 11 16 20 17 34 33 18 7 12 29 23 40 
25 5 26 28 4 9 29 31 12 22 21 33 13 18 19 32 35 36 11 17 10 24 39 20 14 27 38 2 1 30 5 8 34 37 7 0 23 16 6 15 3 40 
25 6 33 37 7 2 6 22 21 28 9 12 36 0 26 23 30 24 39 31 16 19 15 14 13 29 11 17 5 20 8 34 4 1 32 3 18 35 27 38 10 40 
25 7 27 20 37 23 24 22 38 2 5 15 40 
25 8 36 32 18 4 7 12 23 17 14 34 33 35 9 6 21 27 31 1 19 5 3 40 
25 9 8 32 28 4 36 26 13 27 31 1 30 19 5 38 37 24 39 21 14 9 0 11 16 20 17 34 33 18 7 12 29 23 40 
26 0 29 25 4 28 9 12 31 22 33 13 18 21 32 19 35 24 10 36 17 11 39 2 1 14 20 38 27 5 30 16 34 37 6 3 8 23 7 0 15 40 
26 1 37 7 28 9 24 23 36 0 30 39 16 31 19 15 29 13 14 5 17 11 1 34 20 4 32 3 8 18 35 10 38 27 40 
26 2 18 34 0 9 7 30 16 29 1 13 35 3 8 10 39 33 14 21 31 36 19 12 6 32 28 27 20 4 37 22 24 23 11 2 25 38 5 15 40 
26 3 37 28 11 39 2 22 38 0 15 13 32 8 24 10 36 30 12 18 4 23 7 17 33 34 14 25 35 6 9 1 21 31 3 27 5 19 40 
26 4 32 8 10 15 2 4 35 3 22 28 36 1 13 25 31 27 5 19 30 37 24 38 39 16 14 21 9 0 11 20 17 12 33 29 18 34 23 7 40 
26 5 29 25 4 28 9 12 31 22 33 13 18 21 32 19 35 24 10 36 17 11 39 2 1 14 20 38 27 5 30 16 34 37 6 3 8 23 7 0 15 40 
26 6 37 7 28 9 24 23 36 0 30 39 16 31 19 15 29 13 14 5 17 11 1 34 20 4 32 3 8 18 35 10 38 27 40 
26 7 18 34 0 9 7 30 16 29 1 13 35 3 8 10 39 33 14 21 31 36 19 12 6 32 28 27 20 4 37 22 24 23 11 2 25 38 5 15 40 
26 8 37 28 11 39 2 22 38 0 15 13 32 8 24 10 36 30 12 18 4 23 7 17 33 34 14 25 35 6 9 1 21 31 3 27 5 19 40 
26 9 32 8 10 15 2 4 35 3 22 28 36 1 13 25 31 27 5 19 30 37 24 38 39 16 14 21 9 0 11 20 17 12 33 29 18 34 23 7 40 
27 0 21 19 33 32 36 17 24 39 38 30 14 20 2 5 1 7 0 8 34 6 37 15 23 16 3 40 
27 1 14 13 5 8 20 34 4 32 3 38 18 35 10 40 
27 2 13 16 36 21 31 19 28 6 12 32 11 20 4 24 37 22 23 38 25 2 15 5 40 
27 3 17 18 4 23 14 35 34 21 31 19 5 1 3 40 
27 4 8 32 28 36 4 26 30 25 13 31 19 5 1 38 24 37 39 0 9 11 21 14 16 17 20 7 18 34 33 12 23 29 40 
27 5 21 19 33 32 36 17 24 39 38 30 14 20 2 5 1 7 0 8 34 6 37 15 23 16 3 40 
27 6 14 13 5 8 20 34 4 32 3 38 18 35 10 40 
27 7 13 16 36 21 31 19 28 6 12 32 11 20 4 24 37 22 23 38 25 2 15 5 40 
27 8 17 18 4 23 14 35 34 21 31 19 5 1 3 40 
27 9 8 32 28 36 4 26 30 25 13 31 19 5 1 38 24 37 39 0 9 11 21 14 16 17 20 7 18 34 33 12 23 29 40 
28 0 26 9 25 4 29 31 12 22 21 18 13 19 33 32 36 17 11 35 10 24 39 27 38 14 20 30 2 5 1 8 7 0 34 37 6 15 23 16 3 40 
28 1 7 25 37 6 22 9 21 12 36 0 30 24 26 39 23 31 19 15 16 14 17 11 13 29 5 8 20 34 4 32 1 3 27 38 18 35 10 40 
28 2 13 16 36 21 31 19 27 6 12 32 20 11 4 37 24 22 23 38 25 2 15 5 40 
28 3 20 11 37 39 38 0 2 15 26 22 8 36 13 30 10 24 32 7 17 18 4 12 23 9 14 25 34 35 33 6 27 21 31 19 5 1 3 40 
28 4 8 10 15 32 36 35 4 2 26 22 3 27 25 13 30 31 19 5 1 38 37 24 39 0 9 21 14 11 16 17 20 7 18 34 33 12 23 29 40 
28 5 26 9 25 4 29 31 12 22 21 18 13 19 33 32 36 17 11 35 10 24 39 27 38 14 20 30 2 5 1 8 7 0 34 37 6 15 23 16 3 40 
28 6 7 25 37 6 22 9 21 12 36 0 30 24 26 39 23 31 19 15 16 14 17 11 13 29 5 8 20 34 4 32 1 3 27 38 18 35 10 40 
28 7 13 16 36 21 31 19 27 6 12 32 20 11 4 37 24 22 23 38 25 2 15 5 40 
28 8 20 11 37 39 38 0 2 15 26 22 8 36 13 30 10 24 32 7 17 18 4 12 23 9 14 25 34 35 33 6 27 21 31 19 5 1 3 40 
28 9 8 10 15 32 36 35 4 2 26 22 3 27 25 13 30 31 19 5 1 38 37 24 39 0 9 21 14 11 16 17 20 7 18 34 33 12 23 29 40 
29 0 26 25 4 28 9 12 31 22 33 13 21 18 32 19 35 24 36 10 11 17 39 1 2 14 20 5 27 38 30 34 16 37 3 23 8 6 7 0 15 40 
29 1 23 24 30 31 13 14 5 11 17 1 34 20 4 3 8 32 35 18 27 38 10 40 
29 2 18 26 9 7 1 13 16 35 3 8 10 39 33 14 21 31 36 19 12 28 27 6 32 20 37 4 23 22 24 11 2 25 5 38 15 40 
29 3 16 20 37 28 11 39 2 26 38 22 0 15 13 8 32 24 36 10 30 12 4 18 23 7 17 33 34 14 25 35 6 9 1 21 31 3 5 27 19 40 
29 4 14 16 9 0 20 33 34 12 18 23 7 40 
29 5 26 25 4 28 9 12 31 22 33 13 21 18 32 19 35 24 36 10 11 17 39 1 2 14 20 5 27 38 30 34 16 37 3 23 8 6 7 0 15 40 
29 6 23 24 30 31 13 14 5 11 17 1 34 20 4 3 8 32 35 18 27 38 10 40 
29 7 18 26 9 7 1 13 16 35 3 8 10 39 33 14 21 31 36 19 12 28 27 6 32 20 37 4 23 22 24 11 2 25 5 38 15 40 
29 8 16 20 37 28 11 39 2 26 38 22 0 15 13 8 32 24 36 10 30 12 4 18 23 7 17 33 34 14 25 35 6 9 1 21 31 3 5 27 19 40 
29 9 14 16 9 0 20 33 34 12 18 23 7 40 
30 0 19 21 33 32 36 17 39 24 27 38 14 20 2 5 1 7 0 15 8 34 37 6 23 16 3 40 
30 1 7 37 9 28 0 36 39 24 23 26 19 15 31 16 11 17 13 14 5 29 8 34 4 20 32 1 3 27 38 35 18 10 40 
30 2 0 34 18 9 7 26 39 35 8 13 10 29 16 1 3 36 19 31 21 14 33 27 28 6 32 12 11 4 20 37 24 22 23 38 15 25 2 5 40 
30 3 28 39 37 0 22 2 26 36 8 13 10 24 32 7 17 4 18 23 12 9 35 34 14 25 33 6 27 19 31 21 5 1 3 40 
30 4 8 32 36 28 4 26 27 19 31 13 25 5 1 39 38 37 24 11 9 0 21 14 16 17 20 7 34 18 33 23 12 29 40 
30 5 19 21 33 32 36 17 39 24 27 38 14 20 2 5 1 7 0 15 8 34 37 6 23 16 3 40 
30 6 7 37 9 28 0 36 39 24 23 26 19 15 31 16 11 17 13 14 5 29 8 34 4 20 32 1 3 27 38 35 18 10 40 
30 7 0 34 18 9 7 26 39 35 8 13 10 29 16 1 3 36 19 31 21 14 33 27 28 6 32 12 11 4 20 37 24 22 23 38 15 25 2 5 40 
30 8 28 39 37 0 22 2 26 36 8 13 10 24 32 7 17 4 18 23 12 9 35 34 14 25 33 6 27 19 31 21 5 1 3 40 
30 9 8 32 36 28 4 26 27 19 31 13 25 5 1 39 38 37 24 11 9 0 21 14 16 17 20 7 34 18 33 23 12 29 40 
31 0 4 25 28 29 12 22 13 21 33 19 18 32 35 36 39 11 17 10 24 14 20 27 38 5 2 30 1 34 37 23 8 7 0 15 16 6 3 40 
31 1 23 0 30 24 19 15 16 13 14 5 11 29 17 4 34 20 8 1 32 3 35 18 27 38 10 40 
31 2 7 26 35 13 39 29 16 1 21 33 14 19 36 28 27 12 6 32 4 37 20 23 11 24 22 25 15 38 5 2 40 
31 3 4 23 18 17 35 34 14 21 19 27 5 1 3 40 
31 4 8 32 4 28 36 26 13 25 19 27 5 30 1 37 38 39 24 21 14 9 0 11 16 20 17 34 33 23 18 7 29 12 40 
31 5 4 25 28 29 12 22 13 21 33 19 18 32 35 36 39 11 17 10 24 14 20 27 38 5 2 30 1 34 37 23 8 7 0 15 16 6 3 40 
31 6 23 0 30 24 19 15 16 13 14 5 11 29 17 4 34 20 8 1 32 3 35 18 27 38 10 40 
31 7 7 26 35 13 39 29 16 1 21 33 14 19 36 28 27 12 6 32 4 37 20 23 11 24 22 25 15 38 5 2 40 
31 8 4 23 18 17 35 34 14 21 19 27 5 1 3 40 
31 9 8 32 4 28 36 26 13 25 19 27 5 30 1 37 38 39 24 21 14 9 0 11 16 20 17 34 33 23 18 7 29 12 40 
32 0 25 29 22 12 31 18 21 13 33 19 24 10 17 11 35 36 39 38 14 27 20 2 30 1 5 6 7 8 0 34 16 37 15 23 3 40 
32 1 31 17 14 13 29 5 20 8 34 4 1 3 10 18 38 27 35 40 
32 2 13 16 21 36 31 19 6 12 28 27 22 24 20 11 4 37 23 38 25 2 15 5 40 
32 3 28 37 39 22 2 26 0 24 10 8 30 13 36 18 17 12 7 4 23 6 14 25 34 9 35 33 21 27 31 1 19 5 3 40 
32 4 6 10 8 15 22 28 2 26 35 4 36 3 27 25 30 13 31 1 19 5 24 38 37 39 21 14 11 0 9 16 17 20 18 12 7 34 33 29 23 40 
32 5 25 29 22 12 31 18 21 13 33 19 24 10 17 11 35 36 39 38 14 27 20 2 30 1 5 6 7 8 0 34 16 37 15 23 3 40 
32 6 31 17 14 13 29 5 20 8 34 4 1 3 10 18 38 27 35 40 
32 7 13 16 21 36 31 19 6 12 28 27 22 24 20 11 4 37 23 38 25 2 15 5 40 
32 8 28 37 39 22 2 26 0 24 10 8 30 13 36 18 17 12 7 4 23 6 14 25 34 9 35 33 21 27 31 1 19 5 3 40 
32 9 6 10 8 15 22 28 2 26 35 4 36 3 27 25 30 13 31 1 19 5 24 38 37 39 21 14 11 0 9 16 17 20 18 12 7 34 33 29 23 40 
33 0 25 29 31 12 22 13 21 18 19 32 35 36 24 11 10 17 39 14 20 2 1 5 27 38 30 34 37 16 8 23 7 3 0 6 15 40 
33 1 25 2 37 7 6 22 21 12 28 9 26 23 36 0 24 30 39 31 16 19 15 13 14 29 5 11 17 34 20 4 1 8 3 32 35 18 27 38 10 40 
33 2 26 7 13 35 29 16 1 39 14 21 31 36 19 12 28 27 6 32 20 4 37 23 22 24 11 25 2 5 38 15 40 
33 3 36 32 4 12 18 23 7 17 34 14 25 35 9 6 21 31 1 5 27 19 3 40 
33 4 14 16 9 0 20 34 29 12 18 23 7 40 
33 5 25 29 31 12 22 13 21 18 19 32 35 36 24 11 10 17 39 14 20 2 1 5 27 38 30 34 37 16 8 23 7 3 0 6 15 40 
33 6 25 2 37 7 6 22 21 12 28 9 26 23 36 0 24 30 39 31 16 19 15 13 14 29 5 11 17 34 20 4 1 8 3 32 35 18 27 38 10 40 
33 7 26 7 13 35 29 16 1 39 14 21 31 36 19 12 28 27 6 32 20 4 37 23 22 24 11 25 2 5 38 15 40 
33 8 36 32 4 12 18 23 7 17 34 14 25 35 9 6 21 31 1 5 27 19 3 40 
33 9 14 16 9 0 20 34 29 12 18 23 7 40 
34 0 39 17 20 27 38 5 1 30 37 8 23 16 7 0 15 6 3 40 
34 1 31 13 14 29 5 17 4 20 8 1 3 32 35 18 27 38 10 40 
34 2 18 0 17 26 9 7 30 13 35 8 29 16 1 39 10 3 33 14 31 21 19 36 28 27 12 6 32 4 20 37 23 11 24 22 25 2 38 5 15 40 
34 3 36 32 4 23 18 12 7 17 33 14 35 25 9 6 31 21 27 5 1 19 3 40 
34 4 14 16 9 0 20 33 23 18 29 12 7 40 
34 5 39 17 20 27 38 5 1 30 37 8 23 16 7 0 15 6 3 40 
34 6 31 13 14 29 5 17 4 20 8 1 3 32 35 18 27 38 10 40 
34 7 18 0 17 26 9 7 30 13 35 8 29 16 1 39 10 3 33 14 31 21 19 36 28 27 12 6 32 4 20 37 23 11 24 22 25 2 38 5 15 40 
34 8 36 32 4 23 18 12 7 17 33 14 35 25 9 6 31 21 27 5 1 19 3 40 
34 9 14 16 9 0 20 33 23 18 29 12 7 40 
35 0 12 22 21 33 19 18 32 36 11 39 17 10 24 14 20 27 38 2 5 30 1 34 37 8 23 7 0 15 16 6 3 40 
35 1 13 14 5 34 4 20 8 32 3 18 27 38 10 40 
35 2 18 9 7 26 13 8 39 29 16 1 10 3 31 21 14 33 19 36 28 27 12 6 32 4 37 20 23 11 24 22 25 38 2 15 5 40 
35 3 36 32 4 18 23 7 12 17 34 14 33 25 9 6 31 21 19 27 5 1 3 40 
35 4 8 15 10 32 4 28 36 2 26 22 3 31 13 25 19 27 5 30 1 37 38 39 24 21 14 9 0 11 16 20 17 34 33 18 23 7 29 12 40 
35 5 12 22 21 33 19 18 32 36 11 39 17 10 24 14 20 27 38 2 5 30 1 34 37 8 23 7 0 15 16 6 3 40 
35 6 13 14 5 34 4 20 8 32 3 18 27 38 10 40 
35 7 18 9 7 26 13 8 39 29 16 1 10 3 31 21 14 33 19 36 28 27 12 6 32 4 37 20 23 11 24 22 25 38 2 15 5 40 
35 8 36 32 4 18 23 7 12 17 34 14 33 25 9 6 31 21 19 27 5 1 3 40 
35 9 8 15 10 32 4 28 36 2 26 22 3 31 13 25 19 27 5 30 1 37 38 39 24 21 14 9 0 11 16 20 17 34 33 18 23 7 29 12 40 
36 0 12 22 19 21 18 33 32 11 17 35 39 10 24 27 30 38 14 20 2 5 1 7 0 8 15 34 37 6 23 16 3 40 
36 1 7 37 9 28 0 30 39 24 26 23 19 15 31 16 11 17 14 13 5 29 8 34 20 4 32 1 3 27 38 35 18 10 40 
36 2 7 26 35 39 13 29 16 1 19 21 14 31 33 27 28 6 12 32 11 20 4 37 24 23 22 38 15 25 2 5 40 
36 3 28 39 37 0 2 26 22 30 8 13 10 24 32 7 17 18 4 12 23 9 35 14 34 25 33 6 27 19 21 31 5 1 3 40 
36 4 8 15 10 32 28 35 4 2 26 22 3 27 30 19 31 25 13 5 1 38 39 37 24 9 0 11 21 14 16 17 20 7 34 18 33 12 23 29 40 
36 5 12 22 19 21 18 33 32 11 17 35 39 10 24 27 30 38 14 20 2 5 1 7 0 8 15 34 37 6 23 16 3 40 
36 6 7 37 9 28 0 30 39 24 26 23 19 15 31 16 11 17 14 13 5 29 8 34 20 4 32 1 3 27 38 35 18 10 40 
36 7 7 26 35 39 13 29 16 1 19 21 14 31 33 27 28 6 12 32 11 20 4 37 24 23 22 38 15 25 2 5 40 
36 8 28 39 37 0 2 26 22 30 8 13 10 24 32 7 17 18 4 12 23 9 35 14 34 25 33 6 27 19 21 31 5 1 3 40 
36 9 8 15 10 32 28 35 4 2 26 22 3 27 30 19 31 25 13 5 1 38 39 37 24 9 0 11 21 14 16 17 20 7 34 18 33 12 23 29 40 
37 0 39 17 5 20 27 38 1 30 23 34 8 7 15 0 16 6 3 40 
37 1 33 25 2 7 6 22 21 28 9 12 23 26 36 0 39 30 24 31 19 15 16 13 14 5 29 11 17 34 4 20 8 1 32 3 35 18 27 38 10 40 
37 2 31 21 19 28 27 6 23 4 20 11 24 22 5 25 2 38 15 40 
37 3 20 28 39 11 2 38 26 15 0 22 13 8 36 30 10 24 32 23 4 18 7 12 17 34 35 33 14 25 9 6 31 21 5 19 27 1 3 40 
37 4 26 5 19 27 38 39 24 21 14 9 0 16 11 20 17 23 34 33 18 29 7 12 40 
37 5 39 17 5 20 27 38 1 30 23 34 8 7 15 0 16 6 3 40 
37 6 33 25 2 7 6 22 21 28 9 12 23 26 36 0 39 30 24 31 19 15 16 13 14 5 29 11 17 34 4 20 8 1 32 3 35 18 27 38 10 40 
37 7 31 21 19 28 27 6 23 4 20 11 24 22 5 25 2 38 15 40 
37 8 20 28 39 11 2 38 26 15 0 22 13 8 36 30 10 24 32 23 4 18 7 12 17 34 35 33 14 25 9 6 31 21 5 19 27 1 3 40 
37 9 26 5 19 27 38 39 24 21 14 9 0 16 11 20 17 23 34 33 18 29 7 12 40 
38 0 21 32 33 19 36 17 24 39 27 14 30 20 2 5 1 7 0 8 6 34 37 15 16 23 3 40 
38 1 14 13 5 8 20 32 34 4 3 27 18 10 35 40 
38 2 27 20 24 22 37 23 25 2 15 5 40 
38 3 28 11 37 39 0 22 2 26 15 36 8 10 30 24 32 13 7 17 18 4 12 23 9 14 6 25 34 35 33 27 21 31 19 5 1 3 40 
38 4 26 27 19 5 24 37 39 0 9 21 14 11 16 17 20 7 18 34 12 33 23 29 40 
38 5 21 32 33 19 36 17 24 39 27 14 30 20 2 5 1 7 0 8 6 34 37 15 16 23 3 40 
38 6 14 13 5 8 20 32 34 4 3 27 18 10 35 40 
38 7 27 20 24 22 37 23 25 2 15 5 40 
38 8 28 11 37 39 0 22 2 26 15 36 8 10 30 24 32 13 7 17 18 4 12 23 9 14 6 25 34 35 33 27 21 31 19 5 1 3 40 
38 9 26 27 19 5 24 37 39 0 9 21 14 11 16 17 20 7 18 34 12 33 23 29 40 
39 0 22 12 19 21 33 18 32 11 36 35 17 10 24 30 27 38 14 20 2 5 1 15 7 0 34 37 8 23 6 16 3 40 
39 1 7 37 9 28 30 36 0 23 24 26 15 19 31 16 11 13 17 14 5 29 34 4 20 8 32 1 3 35 27 38 10 18 40 
39 2 18 9 7 26 35 13 8 10 29 16 1 3 19 36 31 21 14 33 27 28 6 32 12 11 4 37 20 23 24 22 15 38 25 2 5 40 
39 3 11 28 37 20 15 0 38 2 22 26 30 36 13 8 10 24 32 7 4 17 23 18 12 9 35 34 14 33 25 6 19 31 27 21 5 1 3 40 
39 4 26 19 27 5 38 37 24 11 9 0 21 14 16 17 20 7 34 33 23 18 29 12 40 
39 5 22 12 19 21 33 18 32 11 36 35 17 10 24 30 27 38 14 20 2 5 1 15 7 0 34 37 8 23 6 16 3 40 
39 6 7 37 9 28 30 36 0 23 24 26 15 19 31 16 11 13 17 14 5 29 34 4 20 8 32 1 3 35 27 38 10 18 40 
39 7 18 9 7 26 35 13 8 10 29 16 1 3 19 36 31 21 14 33 27 28 6 32 12 11 4 37 20 23 24 22 15 38 25 2 5 40 
39 8 11 28 37 20 15 0 38 2 22 26 30 36 13 8 10 24 32 7 4 17 23 18 12 9 35 34 14 33 25 6 19 31 27 21 5 1 3 40 
39 9 26 19 27 5 38 37 24 11 9 0 21 14 16 17 20 7 34 33 23 18 29 12 40 
40 0 26 9 4 28 25 29 31 12 22 19 13 33 21 18 32 39 11 36 35 17 10 24 5 30 1 27 38 14 20 2 7 0 37 23 15 34 3 16 8 6 
40 1 7 37 33 25 2 6 22 9 28 21 12 39 30 0 23 36 26 24 19 31 15 16 11 5 13 14 17 29 1 34 4 3 20 8 32 35 27 38 18 10 
40 2 0 34 17 18 9 7 30 26 39 1 35 13 3 29 16 8 10 19 31 36 33 14 21 27 28 6 12 32 11 37 23 4 20 24 22 5 15 38 25 2 
40 3 29 16 39 11 37 28 20 0 15 38 2 26 22 30 36 13 8 10 24 32 7 23 4 17 18 12 9 34 35 33 14 25 6 5 19 31 1 3 27 21 
40 4 15 8 10 6 32 36 35 4 3 28 2 26 22 5 19 30 31 1 13 27 25 39 37 38 24 11 9 0 14 21 16 17 20 7 23 34 33 29 18 12 
40 5 26 9 4 28 25 29 31 12 22 19 13 33 21 18 32 39 11 36 35 17 10 24 5 30 1 27 38 14 20 2 7 0 37 23 15 34 3 16 8 6 
40 6 7 37 33 25 2 6 22 9 28 21 12 39 30 0 23 36 26 24 19 31 15 16 11 5 13 14 17 29 1 34 4 3 20 8 32 35 27 38 18 10 
40 7 0 34 17 18 9 7 30 26 39 1 35 13 3 29 16 8 10 19 31 36 33 14 21 27 28 6 12 32 11 37 23 4 20 24 22 5 15 38 25 2 
40 8 29 16 39 11 37 28 20 0 15 38 2 26 22 30 36 13 8 10 24 32 7 23 4 17 18 12 9 34 35 33 14 25 6 5 19 31 1 3 27 21 
40 9 15 8 10 6 32 36 35 4 3 28 2 26 22 5 19 30 31 1 13 27 25 39 37 38 24 11 9 0 14 21 16 17 20 7 23 34 33 29 18 12 
