# number of customers + 1 (depot stored as last "customer") [int nC]
61
# customer IDs (depot gets ID -1) [int* customerIDs]
114301302 114302441 114308081 114305405 114313776 114316077 114304703 114309033 114308312 114303706 114310298 114312197 114315543 114308770 114314677 114311410 114310906 114301647 114310794 114307933 114300145 114305249 114300242 114309561 114310587 114312870 114305871 114307338 114310711 114312161 114312305 114305061 114307350 114301786 114316420 114316149 114311090 114316215 114300010 114301955 114300372 114309846 114303341 114302887 114316250 114313738 114306217 114311785 114310159 114315658 114304562 114302688 114316185 114306124 114301591 114307503 114315100 114312206 114302137 114300257 -1 
# time window lists for each real customer (number of elements followed by elements' contents (day,start_t,end_t,weight)) [modelWindow** timeWindows]
1 1 50400 61200 0.57 
1 4 54000 57600 0.72 
1 0 46800 50400 0.99 
1 4 36000 43200 0.62 
1 1 32400 43200 0.67 
1 1 54000 61200 0.81 
1 1 54000 61200 0.93 
1 1 46800 54000 0.62 
1 3 32400 43200 0.85 
1 4 32400 43200 0.96 
1 0 39600 43200 0.77 
1 3 54000 61200 0.89 
1 0 43200 54000 0.73 
1 4 43200 46800 0.48 
1 4 39600 50400 0.72 
1 2 50400 54000 0.61 
1 2 54000 57600 0.66 
1 3 36000 46800 0.77 
1 2 36000 39600 0.56 
1 4 46800 50400 0.76 
1 3 43200 46800 0.87 
1 2 50400 54000 0.92 
1 4 54000 57600 0.50 
1 3 46800 57600 0.65 
1 0 39600 46800 0.43 
1 3 39600 50400 0.74 
1 0 50400 57600 0.56 
1 2 43200 50400 0.91 
1 3 54000 57600 0.66 
1 1 39600 50400 0.46 
1 0 54000 57600 0.81 
1 2 36000 39600 0.93 
1 2 46800 57600 0.57 
1 2 54000 61200 0.63 
1 2 54000 61200 0.69 
1 3 43200 50400 0.56 
1 1 36000 43200 0.81 
1 1 39600 46800 0.69 
1 2 32400 36000 0.57 
1 3 32400 36000 0.57 
1 1 46800 50400 0.60 
1 2 32400 36000 0.68 
1 1 36000 46800 0.94 
1 1 46800 54000 0.71 
1 4 54000 57600 0.58 
1 1 43200 50400 0.44 
1 3 54000 57600 0.59 
1 0 43200 54000 0.61 
1 0 46800 50400 0.61 
1 1 39600 46800 0.96 
1 2 32400 36000 0.61 
1 0 43200 50400 0.80 
1 2 39600 46800 0.84 
1 2 54000 61200 0.66 
1 4 36000 43200 0.53 
1 1 54000 61200 0.96 
1 1 36000 43200 0.71 
1 0 46800 50400 0.57 
1 4 39600 50400 0.47 
1 4 36000 39600 0.92 
# objective function coefficients [SCIP_Real* obj]
602.499000 557.422000 1082.244333 585.279000 354.340333 189.531000 309.457000 185.719000 510.729333 1066.853000 1082.764333 1055.420000 414.345667 161.979143 602.067000 1013.822000 260.799667 569.115333 559.235000 510.176333 1044.194000 521.174000 155.716000 581.305000 338.812667 329.447000 507.859333 1023.646333 1007.773333 196.087000 1022.310333 289.190333 511.767000 566.822000 340.997000 566.813000 1051.010000 1010.157000 229.411000 1088.071333 229.455143 520.881000 265.844667 1047.884333 1046.340000 1064.444000 1074.069000 510.336000 1085.780333 592.664333 565.588333 1019.335000 588.853333 1074.241000 345.608333 1100.861333 548.380333 521.789000 192.097667 1075.682000 0.000000 
# shift start time [int shift_start]
21600
# shift end time [int shift_end]
79200
# service times at customers (depot has service time 0.0) [int* t_service]
120 180 120 60 180 180 60 120 240 240 60 300 240 180 180 240 240 180 180 240 60 180 240 240 120 120 120 120 300 240 60 240 120 300 300 240 120 120 180 180 300 180 60 240 240 300 180 300 300 120 120 300 120 240 120 240 120 240 120 180 0 
# max. deviation of service times at customers (depot again 0.0) [int* t_service_maxDev]
480 300 180 180 420 420 480 360 420 240 420 300 360 420 240 300 420 540 240 420 240 300 300 360 420 300 360 360 60 360 540 240 300 240 240 60 120 300 180 120 360 420 300 300 360 60 60 300 300 240 240 420 180 60 480 300 240 240 420 360 0 
# morning/AM travel time matrix between customers (incl. depot as last customer) [int** t_travelAM]
0 260 809 934 788 1288 465 848 810 1105 914 872 1022 785 896 786 944 123 952 798 722 445 899 949 1017 942 824 644 981 867 905 581 646 316 1312 1315 586 1256 956 269 887 899 1051 903 1285 773 709 700 919 857 541 262 1189 849 134 795 1047 900 238 919 2083 
280 0 727 853 883 1053 384 767 729 1024 833 638 941 704 991 552 797 170 794 717 882 364 818 868 880 707 743 562 843 632 670 499 565 171 1077 1081 352 1022 874 139 805 818 970 1021 1050 868 628 465 781 776 460 372 954 768 159 713 1142 666 108 838 1878 
839 766 0 281 1169 744 485 246 57 693 313 915 369 184 1277 547 343 729 351 197 1271 486 865 348 365 965 412 244 380 909 947 390 224 662 769 772 768 713 921 713 852 298 639 1339 741 1153 185 676 318 204 428 1036 646 108 718 17 1427 943 744 877 1430 
915 842 281 0 1379 879 512 457 313 533 523 1125 156 394 1487 758 530 805 533 407 1197 562 739 558 467 1100 253 431 503 1119 1158 435 433 738 904 907 964 848 807 788 738 508 479 1549 876 1364 356 886 528 99 473 1112 781 255 794 297 1638 1153 820 717 1353 
747 843 1145 1365 0 903 1119 1035 1147 1645 948 655 1453 1031 202 621 866 776 863 991 1418 986 1542 1001 949 490 1364 1154 913 650 601 1179 1153 964 927 930 550 871 1599 923 1530 955 1591 279 900 28 1138 534 850 1288 1140 526 804 1184 788 1131 367 651 892 1563 1707 
1291 1049 741 872 1032 0 1076 631 743 1241 494 544 960 627 1094 676 421 1181 441 587 1733 1035 1324 517 413 478 960 762 407 549 541 981 749 1139 71 69 741 61 1381 1107 1312 551 1186 1229 44 1044 734 710 452 795 1019 1189 122 691 1169 727 1318 540 1098 1344 985 
456 383 480 488 1134 1048 0 550 511 640 616 881 626 487 1242 730 646 346 654 500 813 219 434 651 665 950 359 346 683 875 913 115 348 281 1072 1075 644 1016 490 332 421 601 586 1303 1045 1119 357 608 621 460 76 653 949 453 335 495 1393 908 363 454 1687 
866 793 219 440 1038 614 579 0 216 719 183 784 528 105 1146 417 212 755 220 59 1364 513 925 217 286 834 439 257 249 779 817 483 227 689 638 642 637 582 993 739 924 167 665 1209 611 1023 212 546 188 363 522 1063 515 300 744 205 1297 812 771 903 1558 
844 771 54 321 1173 749 525 217 0 698 318 920 409 159 1281 552 347 734 356 202 1310 491 903 352 353 970 417 249 385 914 952 429 229 667 773 777 773 718 961 717 892 303 643 1344 746 1158 190 681 323 244 468 1041 651 162 723 40 1432 948 749 882 1470 
1098 1025 675 518 1636 1212 642 714 677 0 781 1383 674 651 1744 1015 810 988 819 665 1107 767 246 815 861 1433 371 622 848 1377 1415 640 603 923 1236 1240 1169 1181 376 974 319 766 225 1807 1209 1621 502 1132 786 617 678 1295 1114 649 977 661 1895 1411 1005 225 1802 
949 844 302 523 937 491 662 193 304 803 0 683 611 188 1045 316 110 839 114 148 1448 596 1008 96 147 712 522 323 127 677 715 567 311 772 516 519 536 460 1076 822 1007 112 748 1107 488 922 295 444 86 446 605 1071 393 383 827 288 1196 711 854 987 1435 
872 630 894 1115 683 540 882 785 896 1395 698 0 1203 780 791 370 615 762 613 740 1474 743 1299 750 698 212 1114 911 662 4 188 936 903 720 565 568 322 509 1356 688 1287 704 1340 853 537 667 887 291 599 1038 897 817 442 934 750 880 941 27 679 1319 1392 
1002 929 369 145 1466 967 618 544 400 679 611 1213 0 481 1574 845 617 892 621 495 1218 650 809 645 554 1188 398 518 590 1207 1245 522 521 826 991 995 1051 936 866 876 797 595 625 1637 964 1451 444 974 616 157 561 1200 868 342 881 385 1725 1240 908 829 1441 
807 734 161 381 1038 613 520 110 156 661 182 784 469 0 1146 416 212 697 220 66 1306 455 866 217 285 834 380 189 249 778 816 425 159 630 638 641 637 582 934 681 865 167 607 1208 610 1023 153 545 187 304 463 1004 515 241 686 147 1297 812 712 845 1530 
870 966 1268 1488 198 1027 1241 1158 1269 1768 1071 779 1576 1153 0 744 989 899 986 1114 1540 1108 1665 1123 1071 614 1487 1277 1035 774 725 1302 1276 1086 1051 1055 673 996 1722 1046 1653 1077 1714 297 1024 212 1260 657 972 1411 1262 649 928 1307 910 1253 370 775 1015 1685 1736 
787 545 542 763 638 674 737 433 544 1043 346 384 851 428 746 0 263 677 261 388 1389 597 1154 398 346 454 762 563 310 378 417 790 551 636 698 701 237 642 1210 603 1141 352 988 809 671 623 535 146 247 686 751 773 575 582 666 528 897 412 595 1174 1618 
972 809 326 524 901 424 685 216 328 826 114 648 612 212 1009 280 0 862 20 172 1471 620 1031 159 107 645 545 346 71 642 680 590 334 796 449 452 501 393 1099 846 1030 136 772 1072 421 886 318 409 31 447 629 1036 326 343 851 312 1160 676 858 1010 1368 
110 137 686 811 819 1165 342 725 687 982 791 749 899 662 927 663 821 0 829 675 755 322 776 826 894 819 701 521 858 744 782 458 523 193 1189 1192 463 1133 833 146 764 776 928 957 1162 803 586 577 796 734 418 307 1066 726 11 672 1077 777 115 796 1960 
982 788 335 529 881 441 695 226 337 836 119 627 617 221 989 260 20 872 0 181 1481 629 1041 164 113 661 555 356 76 621 660 600 344 805 465 469 480 409 1109 846 1040 145 781 1052 438 866 328 389 40 452 638 1016 342 348 860 321 1140 655 838 1020 1385 
823 749 176 397 987 563 535 58 178 676 132 734 485 62 1095 366 161 712 169 0 1321 470 882 166 235 784 395 212 198 728 766 440 184 646 587 591 586 532 949 696 880 116 622 1158 560 972 168 495 137 320 479 1020 464 257 701 162 1246 761 728 860 1507 
709 854 1281 1236 1439 1848 822 1351 1313 1117 1418 1467 1324 1288 1547 1381 1447 750 1455 1302 0 1020 1003 1452 1467 1536 1117 1147 1484 1461 1499 917 1149 911 1872 1875 1181 1816 1060 864 991 1402 1204 1463 1845 1424 1159 1294 1423 1159 878 913 1749 1254 739 1297 1698 1495 833 1023 2199 
442 369 454 579 1016 991 234 493 456 785 560 762 667 430 1124 612 589 332 597 444 1020 0 651 594 663 832 504 289 626 757 795 287 291 266 1015 1019 526 960 707 316 638 544 730 1187 988 1001 354 490 565 502 248 640 892 495 321 440 1275 790 348 671 1728 
888 815 859 702 1555 1396 432 898 861 217 965 1301 858 835 1663 1151 994 778 1002 849 889 639 0 999 1045 1370 555 766 1031 1295 1333 536 768 713 1420 1424 1064 1365 119 764 14 949 305 1725 1393 1540 686 1028 970 731 496 1085 1297 833 767 845 1814 1329 795 20 1771 
963 890 316 537 1007 511 676 207 318 816 70 753 625 202 1115 386 155 852 158 162 1461 610 1022 0 143 732 536 337 134 747 786 580 324 786 536 539 606 480 1090 836 1021 145 762 1177 508 992 309 514 156 460 619 1141 413 379 841 302 1266 781 868 1000 1455 
1060 897 389 481 990 428 685 304 364 897 141 715 569 299 1098 369 134 950 138 259 1471 707 1065 163 0 649 616 434 55 720 713 590 422 883 453 456 589 397 1121 933 1052 223 843 1160 425 975 406 497 139 404 628 1124 330 300 939 379 1249 711 947 1081 1372 
915 674 935 1066 605 445 926 826 937 1436 689 198 1155 821 667 414 615 805 635 781 1517 786 1343 711 608 0 1155 955 601 202 166 980 943 764 470 473 365 414 1399 732 1330 745 1370 803 442 617 928 335 643 989 940 762 347 886 794 921 891 193 723 1363 1270 
832 759 409 251 1370 945 375 448 410 379 514 1116 407 385 1478 749 544 721 552 398 1089 501 584 549 594 1166 0 356 581 1110 1149 373 336 657 970 973 902 914 670 707 601 499 324 1540 942 1355 235 866 519 351 412 1029 847 382 710 395 1629 1144 739 563 1605 
648 574 216 436 1177 752 363 255 217 624 321 923 524 183 1285 556 351 537 359 205 1149 295 780 356 424 973 343 0 388 917 956 268 35 471 777 780 696 721 836 521 767 306 569 1347 749 1162 116 660 326 359 306 845 654 296 526 202 1436 951 553 800 1585 
1028 850 381 509 943 418 713 272 383 882 121 689 597 267 1051 322 87 918 91 227 1498 675 1087 144 53 638 601 402 0 683 702 617 389 851 442 446 542 386 1149 901 1080 191 827 1114 415 928 374 451 93 432 656 1078 319 328 906 367 1202 701 900 1065 1362 
871 629 894 1114 682 546 882 784 895 1394 697 5 1202 779 790 370 615 761 612 740 1473 742 1298 749 697 218 1113 910 661 0 193 935 902 719 570 574 321 515 1355 687 1286 703 1340 852 543 667 886 290 598 1037 896 816 448 933 749 879 941 33 679 1318 1398 
914 672 937 1157 725 550 925 827 938 1437 740 220 1245 823 789 413 658 804 655 783 1516 785 1341 792 713 205 1156 953 704 214 0 978 945 763 575 578 364 519 1398 730 1329 746 1383 895 547 710 929 333 641 1080 939 859 452 976 793 923 984 248 722 1362 1375 
594 521 412 470 1217 980 137 483 444 676 549 963 558 420 1325 784 579 484 587 433 923 302 554 584 598 1033 395 279 616 957 996 0 281 419 1005 1008 727 949 611 469 542 534 621 1387 977 1202 290 690 554 393 81 791 882 386 472 428 1476 991 501 574 1619 
660 587 203 424 1142 717 375 220 205 611 286 888 512 147 1250 521 316 550 324 170 1161 307 792 321 389 938 330 29 353 882 921 280 0 483 742 745 709 686 849 533 780 271 557 1312 714 1127 103 649 291 347 319 857 619 284 538 189 1401 916 565 795 1573 
330 167 626 751 984 1146 291 665 628 932 732 730 839 602 1092 644 761 220 769 615 932 262 726 766 834 800 651 461 798 725 763 407 463 0 1170 1173 444 1114 782 50 713 716 878 1147 1143 969 526 558 737 674 368 498 1047 667 209 612 1243 758 82 746 1900 
1320 1078 770 901 1061 70 1105 661 772 1271 524 573 990 656 1123 706 450 1210 470 616 1763 1064 1353 546 443 507 990 791 436 578 571 1010 778 1169 0 62 770 90 1410 1136 1341 580 1215 1259 50 1073 763 739 481 824 1049 1218 151 721 1199 756 1347 569 1128 1373 979 
1331 1089 781 912 1072 75 1116 671 782 1281 534 584 1000 667 1134 716 461 1220 481 627 1773 1075 1364 557 453 517 1000 801 447 589 581 1021 789 1179 72 0 781 100 1420 1147 1351 591 1225 1269 84 1083 773 750 492 835 1059 1229 162 731 1209 767 1350 580 1138 1384 916 
600 358 770 978 565 747 659 660 772 1183 573 332 1066 656 673 246 491 490 488 616 1202 519 1076 626 574 401 902 688 538 326 364 712 690 448 772 775 0 716 1132 416 1063 580 1129 735 744 549 753 159 475 901 673 589 649 809 478 756 823 360 408 1096 1572 
1270 1028 720 851 1011 65 1055 611 722 1220 474 523 939 606 1073 656 400 1160 420 566 1712 1014 1303 496 392 457 940 741 386 528 521 960 728 1118 89 92 720 0 1360 1086 1291 530 1165 1208 62 1023 713 689 431 774 999 1168 101 671 1148 706 1297 519 1078 1323 1009 
909 836 909 751 1576 1441 453 948 910 384 1014 1322 907 885 1684 1172 1044 799 1052 898 910 661 147 1049 1094 1392 622 787 1081 1316 1355 557 790 735 1466 1469 1086 1410 0 785 129 999 471 1746 1438 1561 735 1049 1019 753 518 1107 1343 882 788 894 1835 1350 817 168 1793 
280 136 676 802 957 1118 342 715 678 982 782 703 890 653 1065 617 812 170 820 666 882 313 776 817 885 772 701 511 849 697 735 458 514 50 1143 1146 417 1087 833 0 764 767 928 1097 1115 942 577 530 787 725 418 447 1020 717 158 662 1216 731 31 796 1943 
873 800 872 715 1540 1405 417 912 874 267 978 1286 871 849 1648 1136 1008 763 1016 862 874 625 18 1013 1058 1355 586 751 1045 1280 1319 521 754 699 1430 1433 1050 1374 105 749 0 963 354 1710 1402 1525 699 1013 983 717 482 1070 1307 846 752 858 1799 1314 781 38 1757 
948 875 302 522 976 552 661 192 303 802 115 722 610 187 1084 355 150 838 158 148 1447 595 1007 169 223 772 521 322 187 716 755 566 310 771 576 579 575 520 1075 822 1006 0 748 1146 549 961 294 483 125 445 604 1110 453 382 827 287 1235 750 853 986 1496 
1052 979 629 472 1590 1166 596 668 631 217 735 1337 628 605 1698 969 764 942 773 619 1153 721 320 769 815 1387 325 576 802 1331 1369 594 557 877 1190 1194 1123 1135 450 928 393 720 0 1761 1163 1575 456 1086 740 536 632 1249 1068 603 931 615 1849 1365 959 298 1576 
860 955 1332 1552 302 1091 1231 1222 1333 1832 1135 843 1640 1218 293 808 1053 889 1050 1178 1452 1173 1665 1187 1136 678 1551 1341 1099 838 789 1347 1340 1082 1115 1119 737 1060 1722 1035 1653 1142 1778 0 1088 276 1324 721 1036 1475 1307 638 993 1371 900 1318 331 839 1004 1685 1895 
1297 1055 747 878 1038 47 1082 637 749 1247 500 550 966 633 1100 682 427 1186 447 593 1739 1041 1330 523 419 483 966 767 413 555 547 987 755 1145 48 75 747 66 1387 1113 1318 557 1192 1235 0 1050 739 716 458 801 1025 1195 128 697 1175 733 1324 546 1104 1350 991 
719 815 1117 1337 25 876 1090 1007 1119 1617 920 628 1425 1003 188 593 838 748 835 963 1389 958 1514 973 921 463 1336 1126 884 624 574 1151 1125 935 901 904 522 845 1571 895 1502 927 1563 250 873 0 1109 506 822 1260 1112 498 778 1156 759 1103 339 624 864 1534 1680 
715 642 173 341 1134 710 367 212 175 507 279 880 453 149 1242 513 308 605 316 163 1152 362 713 313 382 930 226 120 345 875 913 271 100 538 734 738 733 678 780 589 711 263 453 1305 707 1119 0 642 284 287 310 912 611 254 594 159 1393 908 620 691 1514 
714 472 685 905 565 726 623 575 687 1148 488 311 993 571 673 161 406 604 403 531 1316 484 1040 541 489 381 867 652 452 305 344 677 654 563 751 754 164 695 1097 530 1028 495 1093 735 723 550 677 0 390 828 638 699 628 724 593 671 824 339 522 1060 1551 
956 769 309 529 862 441 669 200 311 809 112 608 617 195 970 240 40 845 44 155 1454 603 1015 165 113 662 529 330 77 602 640 573 317 779 466 469 461 410 1083 827 1014 119 755 1032 438 847 302 369 0 452 612 996 343 349 834 295 1121 636 818 993 1385 
845 772 211 101 1309 809 460 387 243 634 453 1055 165 324 1417 688 459 735 463 337 1127 492 718 488 397 1030 354 361 433 1049 1087 365 363 668 834 837 894 778 774 718 705 438 579 1479 806 1294 287 816 458 0 403 1042 711 185 723 227 1568 1083 750 738 1283 
534 461 430 488 1157 998 78 501 462 694 567 904 576 438 1265 753 597 424 605 451 863 242 495 602 616 973 413 296 634 898 936 66 299 359 1023 1026 667 967 551 410 482 552 639 1328 995 1142 308 631 572 411 0 731 900 404 413 446 1416 931 441 515 1637 
248 368 987 1112 555 1207 643 1026 989 1283 1093 839 1200 963 663 794 1039 301 1036 976 918 623 1077 1127 1121 794 1003 822 1085 833 871 759 824 494 1232 1235 590 1176 1134 447 1065 1077 1229 697 1204 540 887 707 1022 1035 720 0 1109 1028 312 973 814 867 416 1097 2011 
1197 955 647 778 938 133 982 537 649 1147 400 450 866 533 1000 582 327 1086 347 493 1639 941 1230 423 319 383 866 668 313 455 447 887 655 1045 157 160 647 101 1287 1013 1218 457 1092 1135 130 950 639 616 358 701 925 1095 0 597 1075 633 1224 446 1004 1250 1077 
852 779 101 263 1207 701 467 309 158 679 358 953 351 246 1315 586 351 741 355 260 1253 499 847 380 289 922 398 307 324 948 986 372 287 675 725 729 806 670 903 725 834 361 625 1378 698 1192 248 715 357 186 410 1049 602 0 730 118 1466 981 757 863 1412 
121 126 674 800 830 1153 331 714 676 971 780 738 888 651 938 652 810 11 818 664 744 311 765 815 883 808 690 509 847 732 771 446 512 182 1178 1181 452 1122 821 135 752 765 917 968 1150 815 575 566 785 723 407 318 1055 715 0 660 1089 766 104 785 1949 
822 749 14 295 1151 727 499 229 40 676 296 898 383 166 1259 530 325 712 333 180 1285 469 881 330 370 948 395 227 362 892 930 404 207 645 751 755 750 696 935 695 866 280 621 1322 724 1136 168 659 301 218 442 1019 628 122 700 0 1410 925 727 859 1444 
1020 1116 1418 1638 388 1177 1391 1308 1420 1918 1221 929 1726 1304 331 894 1139 1049 1136 1264 1690 1259 1815 1274 1222 764 1637 1427 1185 925 875 1452 1426 1236 1202 1205 823 1146 1872 1196 1803 1228 1864 326 1174 362 1410 807 1123 1561 1413 799 1079 1457 1060 1404 0 925 1165 1835 1817 
904 662 926 1147 715 531 914 817 928 1427 730 29 1235 812 819 402 647 794 645 772 1506 775 1331 782 693 203 1146 943 687 34 220 968 935 752 556 559 354 500 1388 720 1319 736 1372 885 528 699 919 323 631 1070 929 849 433 966 782 912 973 0 711 1351 1383 
248 104 699 824 927 1109 355 738 700 995 804 694 912 675 1035 608 834 138 842 688 850 335 789 839 907 763 714 533 871 688 726 470 536 81 1133 1137 408 1078 845 31 776 789 941 1065 1106 912 599 521 809 747 431 416 1010 739 127 684 1186 722 0 809 1934 
911 838 839 682 1578 1376 455 878 841 197 945 1324 838 815 1686 1174 974 801 982 829 912 663 23 979 1025 1393 535 786 1011 1318 1357 559 766 737 1400 1404 1088 1345 143 787 38 929 285 1748 1373 1563 666 1051 950 755 520 1108 1277 812 790 825 1837 1352 819 0 1795 
2093 1852 1689 1596 1816 983 1912 1579 1690 1945 1442 1383 1649 1575 1728 1592 1369 1983 1389 1535 2275 1964 1865 1465 1361 1259 1849 1709 1355 1388 1344 1842 1697 1942 980 908 1543 1008 1922 1910 1853 1499 1727 1941 992 1828 1681 1513 1400 1519 1881 1973 1070 1639 1972 1675 1828 1379 1901 1885 0 
# noon travel time matrix between customers (incl. depot as last customer) [int** t_travelNoon]
0 258 806 918 769 1266 453 850 806 1084 912 861 1008 783 870 779 940 121 948 801 727 437 881 951 1012 924 808 638 978 856 895 569 640 301 1289 1292 584 1234 935 267 863 898 1038 888 1261 751 699 692 915 843 529 256 1168 840 132 790 1017 888 237 901 2028 
276 0 731 844 862 1031 378 776 731 1009 838 627 934 708 962 544 789 166 786 727 886 363 807 876 871 690 733 563 836 622 661 494 566 170 1055 1058 350 999 861 138 789 824 963 981 1027 844 625 458 772 769 454 362 934 765 155 716 1109 654 107 827 1841 
815 742 0 269 1136 715 499 239 58 669 301 891 360 171 1237 531 328 705 337 190 1255 471 838 339 351 928 393 231 366 887 926 384 212 638 738 742 746 683 893 688 820 287 623 1296 710 1118 169 658 304 195 425 1002 617 105 693 17 1383 918 720 852 1380 
903 830 275 0 1346 843 507 449 308 525 511 1101 156 381 1446 741 511 793 515 399 1191 559 729 542 451 1056 249 428 487 1096 1120 432 422 726 866 869 948 811 797 776 724 497 478 1506 838 1328 347 868 514 100 474 1090 745 251 781 292 1593 1120 808 708 1315 
747 837 1117 1324 0 894 1113 1015 1117 1608 946 649 1415 1009 198 620 865 781 862 971 1420 980 1537 999 947 487 1332 1137 912 648 601 1170 1110 961 917 920 548 862 1591 922 1519 944 1561 272 889 28 1108 534 848 1249 1129 525 796 1182 792 1102 359 645 891 1557 1685 
1271 1034 704 850 1014 0 1080 602 704 1194 486 534 940 595 1071 667 414 1161 435 558 1717 996 1301 508 408 465 918 724 403 539 529 964 697 1123 70 68 723 60 1355 1092 1283 531 1148 1194 42 1015 694 695 441 775 1006 1173 121 684 1150 688 1281 529 1083 1321 959 
447 374 474 483 1107 1034 0 558 507 631 620 862 618 490 1207 717 647 337 656 508 819 216 428 658 649 925 355 345 685 857 896 115 348 273 1057 1060 631 1002 482 323 410 606 584 1253 1029 1089 357 599 623 453 75 635 936 449 326 491 1354 889 355 448 1638 
850 777 214 421 1016 595 590 0 214 705 181 772 512 106 1117 411 209 740 217 62 1383 506 909 219 280 808 429 237 247 767 806 475 207 673 619 622 626 563 977 723 904 167 658 1177 591 998 205 538 184 346 516 1037 498 291 729 199 1264 799 755 888 1513 
820 747 56 304 1141 720 534 213 0 674 306 897 395 158 1242 536 333 710 342 195 1290 476 873 344 339 933 399 236 372 892 931 419 217 643 744 747 751 688 928 693 855 292 628 1301 715 1123 175 663 309 229 460 1007 623 162 699 41 1389 924 725 857 1415 
1083 1010 661 512 1607 1186 635 710 666 0 772 1363 669 643 1708 1002 800 973 808 661 1083 759 240 811 837 1399 366 608 838 1358 1397 632 589 908 1210 1213 1148 1154 359 958 300 758 220 1768 1182 1590 492 1116 775 613 674 1270 1089 637 962 650 1855 1390 990 219 1766 
913 833 277 484 912 474 653 175 277 768 0 668 575 169 1013 307 105 803 112 131 1446 569 972 95 145 687 492 297 126 663 702 538 270 736 498 501 522 442 1040 786 967 104 721 1073 470 894 268 434 80 409 579 1057 377 354 792 262 1160 695 818 950 1392 
866 628 867 1074 667 532 881 765 866 1357 696 0 1164 758 768 370 614 756 611 721 1476 736 1292 749 693 206 1081 887 661 5 187 925 860 718 555 558 317 500 1346 686 1274 693 1311 828 527 649 857 289 598 999 885 811 434 931 744 851 915 27 678 1312 1367 
989 916 362 145 1432 929 634 535 394 670 597 1188 0 468 1533 827 597 879 601 486 1223 645 806 629 537 1142 394 514 573 1183 1206 519 508 812 953 956 1035 897 861 863 788 583 624 1593 925 1414 439 954 600 157 560 1176 832 337 868 379 1680 1207 894 827 1402 
783 710 155 362 1017 596 527 108 151 646 182 773 453 0 1118 412 210 673 218 71 1320 439 850 220 281 809 370 168 248 768 807 412 138 606 620 623 627 564 918 656 845 168 599 1178 592 999 146 539 185 287 453 970 499 232 662 140 1265 800 688 829 1473 
858 948 1228 1435 196 1008 1224 1126 1228 1718 1057 764 1525 1119 0 731 975 891 973 1082 1522 1091 1647 1110 1058 601 1442 1248 1023 762 716 1280 1221 1072 1032 1035 659 976 1702 1033 1629 1055 1672 289 1003 198 1218 645 959 1360 1240 635 911 1293 903 1212 363 759 1002 1667 1716 
780 542 515 722 622 658 735 413 515 1006 344 378 813 407 723 0 263 670 260 369 1390 590 1146 397 345 441 730 535 310 373 412 776 508 632 682 685 232 627 1201 600 1128 342 959 782 654 604 506 144 246 647 739 766 561 580 659 500 870 405 592 1166 1577 
936 803 300 507 882 408 676 198 300 790 113 638 597 191 983 277 0 825 20 154 1468 592 995 159 107 621 514 320 72 633 672 560 293 759 432 435 492 376 1062 809 990 127 744 1043 403 865 290 404 31 432 602 1027 311 342 814 284 1130 665 841 973 1326 
110 137 685 797 796 1144 332 729 684 963 791 740 887 662 897 658 819 0 827 680 764 316 760 829 890 803 687 517 857 735 774 447 519 180 1168 1171 463 1112 814 146 742 777 916 915 1140 779 578 571 794 722 407 297 1047 718 11 669 1044 767 116 780 1907 
945 782 309 513 862 426 685 208 309 800 118 618 603 201 963 257 20 835 0 164 1478 601 1004 164 113 639 524 330 77 613 652 570 302 768 449 452 472 394 1072 818 999 136 753 1022 421 844 300 384 40 438 611 1006 328 347 824 294 1110 645 832 983 1344 
803 730 168 375 962 541 544 58 168 658 127 718 465 59 1063 357 154 693 163 0 1336 460 862 165 226 754 382 190 193 713 752 428 161 627 565 568 572 509 930 677 858 113 612 1122 536 944 158 484 130 300 470 991 444 244 682 152 1210 745 709 841 1459 
706 852 1286 1200 1408 1761 829 1373 1319 1057 1435 1455 1290 1305 1509 1372 1462 747 1471 1323 0 1031 972 1473 1462 1518 1081 1160 1498 1450 1489 930 1163 895 1785 1788 1178 1730 1026 861 954 1421 1144 1450 1757 1390 1172 1286 1438 1125 890 895 1664 1262 736 1303 1656 1482 830 992 2136 
434 361 459 571 991 980 243 504 459 782 566 746 662 436 1092 601 593 324 602 454 1035 0 654 604 665 810 506 291 631 742 781 287 294 258 1003 1006 515 948 708 308 636 552 735 1151 975 973 352 483 569 497 246 622 882 493 313 444 1238 773 339 674 1682 
862 789 840 691 1510 1352 414 889 845 211 951 1265 848 822 1610 1119 979 752 987 840 885 619 0 990 1016 1328 545 748 1017 1260 1299 518 750 687 1375 1379 1034 1320 121 737 14 937 299 1667 1347 1492 671 1002 954 715 478 1049 1254 816 741 829 1757 1292 769 20 1726 
930 857 294 501 982 491 670 193 294 785 69 737 592 186 1082 377 153 820 157 148 1463 586 989 0 140 704 509 314 131 732 768 555 287 753 515 518 591 459 1057 803 984 140 738 1142 487 964 285 504 150 426 596 1117 394 371 809 279 1229 764 835 968 1409 
1025 890 383 467 970 410 697 288 361 880 142 692 557 281 1070 365 133 915 137 243 1452 681 1036 165 0 623 604 409 55 697 687 581 382 848 434 437 580 378 1090 898 1018 216 833 1130 406 952 380 492 138 392 623 1114 313 301 904 374 1217 688 930 1056 1328 
907 669 897 1043 597 439 922 795 897 1387 678 195 1133 788 654 411 607 797 628 751 1517 777 1333 701 601 0 1111 917 596 200 164 966 890 759 463 466 359 407 1387 727 1315 723 1340 777 434 598 887 330 634 968 926 756 342 877 786 881 864 190 719 1353 1249 
820 747 398 249 1344 923 372 447 402 372 509 1100 406 379 1445 739 536 710 545 398 1084 495 576 547 573 1136 0 345 575 1095 1134 369 326 645 947 950 885 891 662 696 589 495 325 1504 918 1326 229 853 512 350 411 1007 826 373 699 387 1592 1127 727 555 1562 
636 563 219 426 1142 721 381 250 218 612 307 898 516 173 1243 537 335 526 343 201 1173 292 786 345 406 934 336 0 373 893 932 265 31 459 745 748 682 689 840 509 768 293 565 1303 717 1124 112 650 310 351 307 823 624 295 515 203 1390 925 541 795 1536 
987 842 352 492 922 403 722 250 352 842 121 677 582 243 1022 316 85 877 89 206 1478 644 1046 143 54 616 566 372 0 672 680 607 345 811 426 430 531 371 1114 861 1042 178 796 1082 398 904 342 443 89 417 648 1066 305 326 866 336 1169 680 892 1025 1321 
867 630 868 1075 669 536 883 767 868 1359 697 4 1166 760 770 372 616 757 613 722 1477 737 1294 750 698 211 1083 888 663 0 192 927 861 719 560 563 319 504 1348 688 1276 695 1312 829 532 651 859 291 599 1000 886 813 439 933 746 853 916 31 679 1314 1372 
901 664 902 1109 703 532 916 800 902 1393 731 210 1200 794 772 405 650 791 647 756 1511 771 1327 784 694 191 1117 922 689 206 0 960 895 753 556 559 353 500 1382 722 1309 729 1346 863 527 685 893 325 633 1034 920 847 435 967 780 887 950 237 713 1348 1342 
605 532 407 461 1198 966 157 490 439 671 552 953 551 423 1298 782 580 495 588 441 950 307 568 591 582 1016 395 278 618 948 987 0 280 431 990 993 722 935 623 481 550 539 625 1358 962 1180 290 690 555 386 83 793 869 382 484 424 1445 980 512 588 1571 
647 574 205 412 1111 690 391 219 205 598 276 866 502 141 1211 506 303 537 312 170 1184 303 797 314 375 903 322 29 341 862 900 276 0 470 713 716 692 658 851 520 779 262 552 1271 685 1093 98 633 279 337 317 834 592 281 526 189 1358 893 552 781 1522 
323 161 628 740 965 1125 283 672 627 914 734 720 830 604 1065 638 761 213 770 623 933 259 711 772 833 783 638 460 800 715 754 399 462 0 1148 1151 443 1093 766 50 693 720 868 1105 1120 947 521 552 737 665 359 487 1027 661 202 612 1212 747 81 731 1850 
1300 1062 733 878 1043 70 1108 631 732 1223 514 562 969 624 1099 696 443 1190 463 587 1746 1024 1330 537 436 493 947 753 432 567 557 993 725 1152 0 62 752 89 1384 1120 1312 559 1177 1222 49 1044 723 724 470 803 1034 1202 150 712 1179 717 1309 558 1112 1350 953 
1309 1072 742 888 1052 74 1118 640 742 1232 524 572 978 633 1109 706 453 1199 473 596 1756 1034 1339 546 446 503 957 762 442 577 567 1002 735 1161 72 0 761 98 1394 1130 1321 569 1186 1232 80 1054 733 733 480 813 1044 1211 159 722 1188 727 1317 568 1122 1359 891 
596 358 735 942 545 725 659 634 735 1175 564 321 1033 627 646 239 483 486 480 589 1206 514 1070 617 566 384 899 684 530 316 355 703 687 448 749 752 0 693 1125 416 1052 562 1128 705 721 527 726 152 466 867 663 571 628 800 475 720 793 348 408 1090 1535 
1250 1012 682 828 992 64 1058 580 682 1173 464 512 918 574 1049 646 393 1139 413 536 1696 974 1279 486 386 443 897 702 382 517 507 943 675 1102 87 90 701 0 1334 1070 1261 509 1126 1172 59 994 673 673 420 753 984 1151 100 662 1128 667 1259 508 1062 1299 982 
886 813 883 735 1534 1376 438 932 888 362 994 1289 891 865 1634 1143 1022 776 1030 883 909 643 137 1033 1059 1352 606 772 1060 1284 1323 542 774 711 1399 1403 1058 1344 0 761 119 981 450 1691 1371 1516 715 1026 997 739 502 1073 1278 859 765 872 1781 1316 793 157 1750 
275 134 677 790 936 1098 333 722 677 964 784 693 880 654 1037 611 811 165 820 673 885 309 761 822 883 756 688 509 850 688 727 449 512 49 1121 1124 416 1066 815 0 743 770 918 1055 1093 918 571 525 787 715 409 437 1000 711 154 662 1184 720 31 781 1900 
847 774 844 696 1495 1337 399 894 849 255 956 1250 852 826 1595 1105 983 737 992 845 870 604 18 994 1020 1314 567 733 1021 1246 1284 503 736 672 1361 1364 1019 1305 106 723 0 942 343 1653 1333 1477 676 987 959 700 463 1034 1240 820 726 834 1742 1277 754 38 1711 
920 847 284 491 953 532 660 182 284 774 112 709 581 175 1054 348 146 810 154 138 1453 576 979 166 217 745 498 304 184 704 743 545 277 743 556 559 563 500 1046 793 974 0 728 1114 528 935 274 475 121 416 586 1098 435 360 798 268 1201 736 825 957 1450 
1037 963 615 466 1561 1140 589 664 619 220 726 1317 622 596 1662 956 753 926 762 615 1164 712 322 764 790 1353 319 562 792 1312 1351 586 543 862 1164 1167 1102 1108 440 912 382 712 0 1721 1135 1543 446 1070 729 534 628 1224 1043 590 915 604 1809 1344 944 300 1545 
858 948 1291 1498 288 1071 1224 1190 1291 1782 1121 827 1589 1183 286 795 1039 892 1036 1146 1439 1155 1652 1173 1122 664 1506 1312 1086 826 779 1340 1284 1072 1095 1098 722 1039 1706 1033 1634 1118 1735 0 1067 262 1282 708 1022 1424 1300 636 974 1356 903 1276 326 823 1003 1672 1863 
1276 1038 709 854 1019 46 1084 607 708 1199 490 538 945 600 1075 672 419 1166 439 563 1722 1000 1306 513 412 470 923 729 408 544 533 969 702 1128 47 72 728 65 1360 1096 1288 535 1153 1198 0 1020 699 700 446 780 1010 1178 126 689 1155 693 1285 534 1088 1326 964 
719 809 1089 1296 26 869 1085 987 1089 1579 918 625 1386 980 184 592 836 753 834 943 1392 952 1508 971 919 462 1304 1109 884 624 577 1141 1082 933 893 896 520 837 1563 894 1490 916 1533 244 864 0 1080 506 820 1221 1101 497 772 1154 764 1074 331 620 863 1529 1660 
699 626 173 337 1115 693 385 217 173 499 279 870 443 150 1215 509 307 589 315 168 1178 355 704 318 379 906 224 115 345 865 904 270 96 522 717 720 724 662 772 572 699 266 453 1275 689 1097 0 636 282 277 311 886 596 249 578 157 1362 897 604 682 1463 
702 464 651 858 544 704 622 549 651 1137 480 300 948 542 645 154 398 592 395 505 1312 476 1033 533 481 363 861 647 446 295 334 666 644 554 728 731 154 672 1087 523 1015 478 1091 705 700 526 641 0 382 783 626 688 607 716 581 635 792 327 514 1053 1514 
919 764 283 490 843 426 659 181 283 773 112 599 580 174 944 238 40 809 44 137 1452 575 978 165 113 639 497 303 78 594 633 544 276 742 450 453 453 394 1045 792 973 110 727 1004 422 826 273 365 0 415 585 988 329 348 797 267 1091 626 813 956 1344 
831 758 204 98 1274 771 477 377 236 624 439 1030 165 310 1375 669 440 721 444 328 1119 487 703 471 379 984 348 356 416 1025 1048 361 350 655 795 798 877 740 757 705 685 425 560 1435 767 1257 281 796 442 0 403 1019 674 179 710 221 1522 1049 736 723 1244 
542 469 425 479 1134 984 94 508 457 689 570 890 569 441 1235 744 598 432 606 459 887 244 505 609 600 953 413 296 636 885 924 66 298 367 1008 1011 659 953 559 417 487 557 643 1295 980 1117 308 627 573 404 0 729 887 400 421 442 1382 917 449 525 1589 
249 362 991 1104 543 1201 638 1036 991 1269 1098 834 1194 968 644 793 1037 306 1034 987 921 623 1067 1136 1120 794 994 823 1085 830 869 754 826 487 1225 1228 583 1170 1121 448 1049 1084 1223 665 1197 525 885 707 1021 1029 714 0 1104 1025 317 976 791 861 417 1087 1993 
1177 939 610 756 920 131 986 508 610 1100 391 439 846 501 976 573 320 1067 341 464 1623 902 1207 414 314 371 824 630 309 445 435 870 603 1029 154 157 629 99 1261 998 1189 436 1054 1099 126 921 600 601 347 681 912 1079 0 590 1056 594 1187 435 989 1227 1049 
833 760 99 248 1173 668 478 306 157 664 345 929 338 238 1274 568 336 723 340 256 1233 489 817 368 276 881 388 298 313 924 945 363 279 656 692 695 783 636 871 706 799 354 618 1334 664 1155 236 695 341 173 404 1020 571 0 712 116 1421 946 738 837 1358 
121 126 674 786 808 1133 321 718 673 952 780 729 876 650 908 646 807 11 816 669 753 305 749 818 879 792 676 506 846 724 763 436 508 169 1157 1160 452 1101 803 135 731 766 905 926 1129 790 567 560 783 711 396 308 1036 707 0 658 1055 756 104 769 1896 
798 724 15 282 1119 698 512 222 40 652 284 874 372 154 1219 514 311 687 320 172 1268 454 851 322 356 911 376 214 349 870 908 397 195 621 721 724 729 666 906 671 833 270 606 1279 693 1101 152 641 287 207 438 985 600 121 676 0 1366 901 703 835 1392 
1012 1101 1382 1589 379 1162 1377 1280 1382 1872 1211 917 1679 1273 333 885 1129 1045 1126 1236 1676 1245 1801 1264 1212 755 1596 1402 1177 916 869 1434 1375 1226 1185 1188 812 1130 1855 1187 1783 1208 1826 326 1157 352 1372 799 1113 1514 1394 789 1064 1446 1056 1366 0 913 1156 1821 1798 
898 660 899 1106 699 523 913 797 899 1389 728 29 1196 790 800 402 646 788 643 753 1508 768 1324 781 685 198 1113 919 681 34 219 957 892 750 547 550 350 491 1378 718 1306 725 1343 860 519 681 889 321 630 1031 917 844 426 961 777 883 947 0 710 1344 1359 
244 102 702 815 904 1088 349 747 702 980 809 684 905 679 1005 602 836 133 843 698 854 334 778 847 908 747 704 534 874 679 718 465 537 80 1112 1115 407 1057 832 30 760 795 934 1023 1084 886 596 515 812 740 425 405 991 736 122 687 1152 711 0 798 1898 
885 812 820 671 1533 1345 437 869 825 191 931 1288 828 802 1633 1143 959 775 967 820 908 642 23 969 995 1351 525 767 997 1283 1322 541 748 710 1369 1372 1057 1313 144 760 37 917 279 1691 1341 1515 651 1025 934 738 501 1072 1248 795 764 809 1780 1315 792 0 1749 
2068 1830 1466 1379 1798 975 1724 1541 1498 1765 1425 1364 1408 1534 1703 1572 1354 1958 1374 1497 2104 1749 1688 1447 1347 1242 1628 1618 1343 1369 1325 1623 1612 1917 973 901 1520 999 1742 1889 1670 1470 1545 1908 981 1800 1543 1492 1381 1304 1665 1957 1060 1441 1947 1483 1793 1359 1880 1708 0 
# afternoon/PM travel time matrix between customers (incl. depot as last customer) [int** t_travelPM]
0 258 824 933 790 1275 458 889 822 1093 950 864 1024 800 898 779 980 121 989 839 750 443 910 989 1052 931 816 645 1019 859 895 575 648 306 1299 1302 583 1243 962 268 892 938 1051 897 1272 774 711 693 956 859 535 257 1178 851 132 808 1045 891 236 930 2101 
287 0 748 857 881 1042 382 813 747 1018 872 631 948 724 990 546 790 177 788 763 921 367 834 913 874 698 740 569 838 626 662 499 572 170 1066 1069 350 1010 886 138 816 862 976 989 1039 865 635 460 774 783 459 362 945 776 166 732 1136 658 107 854 1868 
838 764 0 281 1208 758 515 245 56 682 350 947 372 193 1316 583 380 728 389 225 1286 484 874 389 359 978 405 243 396 942 978 389 224 658 782 785 798 726 926 708 856 338 640 1376 755 1192 181 710 356 206 430 1025 661 106 716 16 1463 974 740 874 1459 
919 846 281 0 1380 859 520 491 314 527 529 1119 157 410 1488 755 520 809 524 441 1222 565 740 552 460 1079 250 434 496 1114 1143 438 437 739 883 885 956 827 832 789 761 554 485 1548 855 1364 349 883 528 102 479 1106 761 259 798 298 1635 1142 821 719 1394 
764 854 1167 1376 0 906 1139 1048 1166 1659 962 660 1467 1047 197 637 881 802 879 1004 1441 999 1590 1016 965 495 1382 1169 929 659 610 1192 1148 981 930 933 562 875 1643 940 1572 966 1617 282 903 29 1158 551 865 1301 1152 538 809 1204 813 1151 369 656 909 1611 1716 
1299 1050 750 868 1029 0 1102 630 748 1242 494 545 959 629 1084 674 423 1188 441 586 1749 1032 1337 517 415 477 964 752 409 550 541 976 730 1140 71 68 737 59 1389 1108 1319 548 1172 1233 44 1049 740 710 454 794 1017 1186 122 697 1177 734 1320 540 1100 1357 967 
459 385 478 489 1130 1055 0 592 510 635 653 870 628 503 1239 721 683 348 691 542 839 220 451 692 656 937 357 348 693 865 901 116 351 281 1079 1082 636 1024 503 331 433 641 593 1273 1052 1114 360 604 658 462 77 646 958 455 337 494 1386 897 363 471 1715 
868 795 232 445 1052 617 613 0 216 724 194 791 536 111 1160 427 225 758 233 61 1425 514 937 233 296 837 447 243 263 786 822 487 212 688 641 644 642 585 1028 738 958 182 682 1220 614 1036 223 554 200 371 529 1055 520 308 747 216 1307 818 770 915 1543 
843 770 57 312 1213 743 546 212 0 688 356 952 403 158 1321 588 386 733 394 230 1318 489 900 394 344 963 410 248 381 947 984 420 229 663 767 770 804 711 957 713 887 343 646 1381 740 1197 186 716 361 238 461 1030 646 163 722 40 1468 979 745 879 1490 
1106 1033 664 516 1647 1223 647 742 675 0 800 1386 673 659 1755 1033 831 996 839 692 1116 761 248 839 843 1443 367 613 869 1381 1417 634 594 929 1247 1250 1153 1191 383 979 325 788 230 1815 1220 1631 493 1120 806 618 676 1293 1126 642 985 661 1902 1413 1010 227 1852 
947 838 311 524 935 480 691 191 309 803 0 674 615 190 1043 311 108 837 112 147 1504 593 1015 96 146 700 525 313 126 669 706 566 291 767 505 507 526 449 1107 817 1037 109 761 1104 477 919 301 438 83 450 608 1060 383 387 826 295 1190 701 849 994 1406 
883 634 904 1113 689 539 900 784 903 1396 699 0 1204 784 798 374 618 773 616 740 1517 742 1334 753 702 210 1119 906 666 5 187 935 884 724 563 565 322 507 1387 693 1316 702 1354 858 535 673 895 294 602 1038 896 815 441 941 762 888 945 27 684 1354 1390 
1005 931 367 145 1465 944 650 576 399 673 615 1205 0 495 1574 841 606 895 610 526 1252 651 839 637 545 1164 396 520 582 1200 1228 524 522 825 968 971 1042 913 891 875 821 640 631 1634 941 1449 444 968 614 158 565 1192 847 344 883 383 1721 1227 907 859 1480 
795 721 168 381 1068 633 539 109 153 660 210 807 473 0 1176 443 241 684 249 85 1351 441 873 249 312 853 383 169 279 802 838 414 138 615 657 660 658 601 964 665 894 198 618 1236 630 1052 159 570 216 307 455 982 536 244 673 152 1323 834 696 851 1559 
873 963 1276 1485 201 1024 1248 1157 1275 1768 1071 778 1576 1156 0 746 990 910 988 1112 1530 1108 1699 1125 1074 613 1491 1278 1038 777 728 1301 1256 1090 1048 1051 671 993 1752 1049 1681 1075 1726 294 1021 205 1267 659 974 1410 1261 646 927 1313 921 1260 365 774 1018 1719 1752 
794 544 549 757 641 665 750 429 547 1041 344 380 848 428 749 0 263 683 260 385 1428 592 1184 397 346 447 764 551 311 375 412 785 529 635 689 691 232 633 1237 603 1166 347 999 810 661 625 540 144 246 683 746 766 567 586 672 533 896 407 594 1204 1590 
970 806 333 519 903 414 714 214 332 825 114 642 610 213 1011 278 0 859 20 170 1525 616 1038 159 108 634 548 335 72 637 673 589 314 790 438 441 493 382 1130 840 1059 132 783 1071 411 887 324 405 31 445 630 1028 316 348 848 317 1158 669 856 1017 1339 
110 137 703 812 816 1154 337 768 701 972 829 742 903 679 924 658 859 0 867 718 789 322 788 868 931 809 695 524 898 737 774 454 527 185 1178 1181 462 1122 841 146 770 817 930 924 1151 800 590 571 834 737 414 297 1056 730 11 687 1071 769 115 809 1979 
979 785 343 524 882 432 724 223 341 835 119 621 615 222 990 258 20 869 0 179 1530 625 1048 164 113 652 558 345 78 616 653 598 323 799 456 458 473 400 1139 844 1069 141 793 1051 428 866 334 385 40 450 640 1007 334 353 858 327 1137 648 835 1026 1357 
822 749 186 399 999 564 566 58 184 678 141 738 490 65 1107 374 172 712 180 0 1379 468 890 180 243 784 400 197 210 733 769 441 166 642 588 591 589 532 982 692 912 129 636 1167 561 983 177 501 147 325 483 1009 467 262 701 170 1254 765 724 869 1490 
708 858 1302 1214 1437 1799 843 1427 1335 1088 1488 1463 1305 1338 1545 1379 1518 754 1527 1377 0 1043 1002 1527 1481 1530 1096 1183 1518 1458 1495 952 1186 906 1823 1826 1183 1767 1055 868 984 1476 1177 1456 1796 1421 1195 1293 1494 1140 912 904 1701 1280 743 1319 1692 1490 836 1023 2218 
445 372 472 581 1010 1021 254 538 471 788 599 750 673 449 1119 601 629 335 637 488 1066 0 688 637 701 817 510 294 667 745 781 289 297 265 1045 1048 516 990 740 315 670 587 746 1179 1018 994 359 484 604 507 249 633 924 500 324 456 1265 777 347 708 1760 
884 810 846 697 1544 1391 425 924 857 214 982 1283 855 841 1652 1135 1012 774 1021 874 905 633 0 1021 1025 1350 548 762 1051 1278 1315 530 764 706 1416 1418 1050 1360 123 756 14 970 303 1698 1388 1528 675 1017 988 732 490 1071 1294 824 762 843 1799 1310 788 20 1810 
961 888 325 538 1006 499 706 205 323 817 71 745 629 204 1114 382 154 851 157 161 1518 607 1029 0 142 719 539 327 133 740 777 580 305 781 523 525 597 467 1121 831 1051 145 775 1175 495 990 316 509 154 464 622 1131 401 382 840 309 1261 772 863 1008 1424 
1059 896 387 477 993 416 712 303 364 889 142 704 568 302 1101 369 134 949 137 259 1483 705 1070 165 0 636 612 425 54 709 700 585 403 879 440 443 584 384 1123 929 1052 221 847 1161 413 977 414 496 141 403 627 1118 319 306 938 380 1248 699 946 1081 1342 
924 675 943 1061 601 444 941 823 941 1434 687 198 1152 822 656 415 616 814 634 779 1558 783 1375 710 607 0 1157 945 601 203 166 976 923 765 468 471 363 412 1427 733 1357 741 1354 805 441 621 933 335 642 987 937 757 347 890 803 926 892 193 725 1395 1270 
846 773 403 255 1386 962 387 481 415 376 539 1125 412 398 1494 772 570 736 578 431 1117 501 589 578 582 1182 0 352 608 1120 1157 373 333 669 986 989 892 930 699 719 628 527 334 1554 959 1370 232 859 545 357 415 1033 865 381 725 400 1641 1152 750 568 1641 
647 574 229 441 1179 752 392 271 228 617 330 918 532 179 1287 562 360 537 368 221 1204 293 826 368 432 972 340 0 398 913 949 266 31 467 776 779 685 720 878 517 808 317 575 1347 749 1163 116 652 335 367 308 834 655 305 526 213 1434 945 549 809 1619 
1026 848 389 504 945 409 738 270 388 881 121 684 595 269 1053 321 86 915 90 226 1510 672 1094 144 54 629 604 391 0 679 693 612 370 846 433 436 536 377 1149 896 1079 188 839 1114 406 929 380 448 93 430 653 1070 312 333 904 373 1200 692 898 1073 1335 
885 636 906 1114 691 544 902 786 904 1398 701 5 1205 785 799 375 620 774 617 742 1519 744 1336 754 703 215 1120 908 667 0 192 937 886 726 568 570 323 512 1388 694 1318 704 1356 860 540 675 897 296 603 1040 897 816 446 943 763 890 946 32 686 1356 1395 
918 669 939 1148 721 544 935 820 938 1431 734 215 1239 819 776 409 653 808 651 776 1552 778 1369 788 707 199 1154 941 701 210 0 971 919 759 568 570 357 512 1422 728 1351 738 1389 893 540 709 930 329 637 1073 931 850 446 976 797 923 980 242 719 1390 1369 
632 558 414 473 1227 991 173 528 446 679 589 966 564 439 1335 818 619 521 627 478 985 316 607 628 592 1033 402 284 629 961 998 0 287 454 1015 1018 733 960 659 504 589 577 637 1395 988 1211 296 700 594 398 88 819 894 391 510 430 1482 993 536 627 1651 
659 585 216 429 1155 721 403 239 214 604 298 895 520 148 1264 531 328 548 337 189 1215 305 816 337 400 941 326 30 367 890 926 278 0 479 745 748 696 689 889 529 819 286 562 1324 718 1139 103 658 304 355 319 846 623 292 537 200 1411 922 560 795 1607 
336 162 644 753 985 1136 289 710 643 924 770 724 844 620 1093 640 801 226 809 660 970 264 741 809 873 791 647 466 839 719 756 406 468 0 1160 1163 444 1104 793 50 723 758 882 1115 1133 969 531 553 776 679 366 488 1038 672 215 628 1240 751 81 761 1931 
1327 1078 778 897 1058 70 1131 659 777 1270 523 573 988 658 1113 703 452 1217 470 614 1778 1061 1365 546 443 505 993 780 437 579 570 1004 758 1168 0 62 766 88 1418 1137 1347 577 1200 1262 50 1077 769 738 482 822 1046 1214 151 725 1206 762 1348 568 1128 1385 960 
1339 1089 789 908 1069 75 1142 670 788 1281 534 585 999 669 1124 714 463 1228 481 626 1789 1072 1377 557 454 517 1004 791 448 590 581 1016 770 1180 72 0 777 99 1429 1148 1359 588 1211 1273 83 1088 780 749 493 833 1057 1225 162 736 1217 773 1323 580 1139 1397 898 
609 360 770 975 565 736 674 651 769 1181 565 324 1066 650 673 240 484 499 482 607 1243 516 1108 619 568 391 904 687 532 319 356 709 690 450 760 763 0 704 1160 419 1090 569 1139 733 733 549 753 154 468 900 670 573 639 807 488 754 820 351 410 1128 1562 
1277 1028 728 846 1007 63 1080 608 726 1220 472 523 937 607 1062 652 401 1167 419 564 1727 1010 1315 495 393 455 942 730 387 528 519 954 708 1118 87 90 715 0 1367 1086 1297 526 1150 1211 60 1027 719 688 432 772 995 1164 100 675 1155 712 1298 518 1078 1335 988 
906 833 898 750 1566 1414 447 976 910 392 1034 1305 907 893 1674 1157 1065 796 1073 926 927 656 138 1073 1077 1372 618 784 1103 1300 1337 552 786 728 1438 1440 1072 1382 0 779 120 1022 481 1720 1410 1550 727 1040 1040 754 512 1093 1316 876 785 895 1821 1332 810 158 1832 
287 135 694 803 957 1109 339 759 692 974 820 697 894 670 1065 612 850 177 854 709 921 313 790 859 922 764 697 515 889 692 728 456 518 49 1133 1135 416 1077 843 0 772 808 932 1065 1105 941 581 526 826 729 416 438 1011 721 166 678 1212 724 31 811 1934 
869 796 861 713 1529 1377 410 940 873 286 998 1269 870 856 1638 1120 1028 759 1036 890 890 619 18 1036 1040 1336 582 747 1066 1264 1300 515 750 692 1401 1403 1035 1345 108 742 0 985 374 1683 1373 1513 690 1003 1003 717 475 1056 1279 839 748 858 1784 1296 773 38 1795 
954 880 317 531 979 544 698 198 316 809 115 718 622 197 1087 354 152 843 160 153 1510 600 1022 169 223 764 532 319 190 713 749 573 297 773 568 571 569 512 1114 824 1043 0 767 1147 541 963 308 481 127 456 614 1104 447 393 832 301 1234 745 855 1000 1470 
1059 986 617 468 1600 1176 600 695 628 223 753 1339 626 612 1708 986 783 949 792 645 1186 714 324 792 796 1396 319 566 822 1334 1370 587 547 882 1200 1203 1106 1144 459 932 401 741 0 1768 1173 1584 446 1073 759 544 628 1246 1079 595 938 614 1855 1366 963 303 1622 
871 961 1345 1553 300 1093 1246 1225 1343 1837 1140 847 1644 1224 295 814 1059 909 1056 1181 1441 1176 1698 1193 1142 682 1560 1347 1107 846 796 1363 1325 1094 1117 1120 740 1061 1750 1048 1680 1143 1795 0 1090 274 1336 728 1042 1479 1323 645 996 1382 920 1329 328 842 1016 1718 1903 
1304 1054 754 873 1034 46 1107 635 753 1246 499 549 964 634 1089 679 428 1193 446 591 1754 1037 1341 522 419 481 969 756 413 555 546 981 734 1145 47 72 742 64 1394 1113 1323 553 1176 1238 0 1053 745 714 458 798 1022 1190 127 701 1182 738 1324 545 1104 1362 971 
734 825 1138 1346 26 886 1110 1018 1136 1630 933 640 1437 1017 192 607 852 772 849 974 1412 969 1561 986 935 475 1353 1140 900 639 589 1162 1118 951 910 913 533 854 1613 911 1543 936 1588 253 883 0 1129 521 835 1272 1123 508 789 1175 783 1122 339 635 879 1581 1696 
714 641 183 340 1164 729 396 249 182 501 307 903 450 166 1272 540 337 604 345 199 1208 360 713 346 409 949 223 119 375 898 935 270 100 534 754 756 751 698 805 584 735 295 459 1333 726 1148 0 667 312 285 311 901 632 260 593 167 1419 930 616 692 1537 
716 467 685 894 564 715 637 566 684 1144 480 303 985 565 672 155 399 606 397 521 1350 479 1071 534 483 370 867 650 447 298 335 672 653 557 739 741 155 683 1123 525 1053 484 1102 732 711 548 676 0 383 819 632 689 617 722 595 669 819 330 517 1091 1540 
953 766 317 525 863 432 697 197 315 808 112 602 616 196 971 239 40 843 44 153 1510 599 1021 165 114 652 531 319 78 597 634 572 297 773 456 459 454 401 1113 823 1043 115 766 1032 429 847 307 366 0 451 614 988 335 354 831 300 1118 629 816 1000 1358 
847 773 208 98 1307 786 492 418 241 626 456 1047 165 337 1416 683 448 736 452 368 1149 493 737 479 387 1006 349 361 424 1042 1070 365 364 667 810 813 884 754 789 717 719 482 572 1476 783 1291 286 810 456 0 407 1034 689 186 725 225 1562 1069 748 757 1322 
564 491 427 487 1160 1005 105 542 460 693 603 899 578 452 1268 751 633 454 641 492 918 249 540 641 606 966 416 298 643 894 931 66 300 387 1029 1032 666 973 592 437 522 590 651 1328 1002 1144 310 633 608 412 0 752 908 405 443 444 1415 926 469 560 1665 
253 367 1018 1127 563 1213 652 1083 1016 1287 1122 839 1218 994 671 797 1041 314 1039 1033 930 637 1103 1176 1125 801 1010 839 1089 834 871 769 842 500 1237 1239 587 1181 1156 453 1085 1126 1245 674 1209 547 904 710 1025 1052 729 0 1115 1045 326 1002 818 866 422 1123 2023 
1204 955 655 774 935 131 1008 536 654 1147 400 450 865 535 990 580 329 1094 347 491 1655 938 1242 423 320 382 870 657 314 456 447 881 635 1045 156 158 643 100 1295 1014 1224 454 1077 1139 128 954 646 615 359 699 923 1091 0 602 1083 639 1225 445 1005 1262 1057 
846 772 99 256 1200 679 491 316 156 668 349 939 347 265 1308 576 341 735 345 297 1262 492 849 372 280 899 391 315 317 934 963 364 296 665 703 706 791 647 902 715 831 410 626 1369 676 1184 253 703 348 182 406 1033 582 0 724 116 1455 962 747 860 1434 
121 126 692 801 827 1143 326 757 690 961 818 731 892 668 935 647 848 11 856 707 778 311 777 857 920 798 684 513 886 726 763 443 516 174 1167 1169 451 1111 830 135 759 806 919 935 1139 811 578 560 823 726 403 308 1045 719 0 676 1082 758 104 797 1968 
821 748 16 290 1191 756 524 228 40 666 334 930 381 177 1299 566 364 711 372 208 1296 467 878 372 361 976 388 226 397 925 962 398 207 641 780 783 782 724 935 691 865 321 624 1359 753 1175 164 694 339 216 439 1008 659 122 700 0 1446 957 723 857 1468 
1026 1117 1430 1638 385 1178 1401 1310 1428 1922 1225 932 1729 1309 332 899 1144 1064 1141 1266 1683 1261 1853 1278 1227 766 1644 1432 1192 931 881 1454 1410 1243 1202 1205 824 1146 1905 1203 1835 1228 1880 325 1175 359 1421 813 1127 1564 1415 800 1081 1467 1075 1414 0 927 1171 1873 1842 
916 667 937 1145 722 530 933 817 935 1429 732 30 1236 816 810 406 651 806 648 773 1550 775 1367 785 694 202 1152 939 688 35 220 968 917 757 555 557 354 499 1419 725 1349 735 1387 891 527 706 928 327 634 1071 929 847 433 974 795 921 977 0 717 1387 1382 
255 103 720 829 925 1099 354 785 718 989 846 688 920 696 1033 603 847 145 845 735 889 339 806 885 931 755 712 541 895 683 719 471 544 81 1123 1126 407 1067 858 31 788 834 947 1033 1096 909 607 517 831 754 431 406 1002 747 134 704 1180 715 0 826 1925 
907 834 826 677 1567 1385 448 904 837 194 962 1307 835 821 1676 1158 992 797 1000 854 928 657 23 1001 1005 1374 528 775 1031 1302 1338 553 755 730 1409 1411 1073 1353 146 780 38 950 283 1721 1381 1551 655 1041 968 755 513 1094 1287 804 786 823 1822 1334 811 0 1833 
2101 1851 1508 1420 1813 986 1756 1580 1541 1788 1445 1382 1436 1580 1714 1591 1374 1990 1391 1536 2143 1792 1730 1467 1365 1249 1670 1661 1359 1388 1343 1665 1664 1942 983 910 1539 1010 1782 1910 1712 1498 1565 1924 994 1832 1586 1512 1404 1345 1706 1969 1073 1486 1979 1525 1807 1377 1902 1750 0 
# average travel time matrix between customers (incl. depot as last customer) [int** t_travel]
0 259 813 929 783 1277 459 863 813 1094 926 866 1018 790 888 782 955 122 963 813 733 442 897 963 1027 933 816 643 993 861 899 575 645 308 1300 1303 585 1245 951 268 881 912 1047 896 1273 766 707 695 930 853 535 259 1179 847 133 798 1037 893 237 917 2071 
281 0 736 852 876 1042 382 786 736 1017 848 632 941 712 981 548 792 171 790 736 897 365 820 886 875 699 739 565 839 627 665 498 568 171 1066 1070 351 1011 874 139 804 835 970 997 1039 859 630 461 776 776 458 366 945 770 160 721 1129 660 108 840 1863 
831 758 0 277 1171 739 500 244 57 682 322 918 367 183 1277 554 351 721 359 204 1271 481 859 359 359 957 404 240 381 913 951 388 220 653 763 767 771 708 914 703 843 308 634 1337 736 1155 179 682 326 202 428 1021 642 107 709 17 1425 945 735 868 1423 
913 840 279 0 1369 861 513 466 312 529 521 1115 157 395 1474 752 521 803 524 416 1204 562 736 551 460 1079 251 431 496 1110 1141 435 431 735 885 887 956 829 812 785 741 520 481 1535 857 1352 351 879 524 101 476 1103 763 255 791 296 1622 1139 817 715 1354 
753 845 1143 1355 0 901 1124 1033 1144 1638 952 655 1445 1029 199 626 871 787 868 989 1427 989 1557 1006 954 491 1360 1154 918 653 604 1181 1137 969 925 928 554 870 1611 929 1541 955 1590 278 898 29 1135 540 855 1280 1141 530 803 1190 798 1128 365 651 898 1577 1703 
1287 1045 732 864 1025 0 1086 621 732 1226 492 541 953 617 1083 673 420 1177 439 577 1733 1021 1321 514 412 474 948 746 407 546 537 974 726 1134 71 69 734 60 1375 1103 1305 544 1169 1219 44 1036 723 705 449 788 1014 1183 122 691 1166 717 1307 537 1094 1341 971 
454 381 478 487 1124 1046 0 567 510 636 630 871 624 494 1230 723 659 344 667 517 824 219 438 667 657 938 357 347 687 866 904 116 349 279 1070 1073 637 1014 492 329 422 616 588 1277 1042 1108 358 604 634 459 76 645 948 453 333 494 1378 898 361 458 1680 
862 789 222 436 1036 609 594 0 216 716 186 783 526 108 1141 419 216 751 224 61 1391 511 924 223 288 827 439 246 253 778 815 482 216 684 633 636 635 577 1000 734 929 172 669 1202 606 1019 214 546 191 360 523 1052 511 300 740 207 1290 810 766 902 1538 
836 763 56 313 1176 738 535 214 0 687 327 923 403 159 1282 559 356 726 364 209 1306 486 892 364 346 956 409 245 380 918 956 423 225 658 762 765 776 706 949 708 878 313 639 1342 734 1160 184 687 331 237 463 1026 640 163 715 41 1430 951 740 873 1459 
1096 1023 667 516 1630 1207 642 722 673 0 785 1378 672 651 1736 1017 814 986 822 673 1102 763 245 822 847 1425 368 615 852 1372 1410 636 596 920 1231 1235 1157 1176 373 971 315 771 225 1797 1204 1614 496 1123 789 616 676 1286 1110 643 975 658 1884 1405 1002 224 1807 
937 839 297 511 928 482 669 187 297 792 0 675 601 183 1034 312 108 827 113 142 1466 586 999 96 146 700 513 311 127 670 708 557 291 759 507 509 528 451 1075 809 1004 109 744 1095 479 912 288 439 83 435 598 1063 385 375 815 282 1182 703 841 977 1411 
874 631 889 1101 680 537 888 778 889 1383 698 0 1191 774 786 372 616 764 614 734 1489 741 1309 751 698 210 1105 902 663 5 188 932 883 721 561 564 321 506 1363 689 1293 700 1335 847 533 663 880 292 600 1025 893 815 439 936 752 873 934 27 681 1329 1383 
999 926 366 145 1455 947 634 552 398 674 608 1202 0 482 1561 838 607 889 611 503 1231 649 818 637 546 1165 396 518 582 1197 1227 522 517 821 971 974 1043 916 873 872 802 606 627 1622 944 1438 443 966 610 158 562 1190 849 341 878 383 1709 1225 903 839 1441 
795 722 162 375 1041 614 529 109 154 656 192 788 465 0 1147 424 221 685 229 74 1326 445 863 229 293 832 378 176 259 783 821 417 145 617 639 642 641 583 939 668 868 178 608 1208 611 1025 153 552 196 300 457 986 517 239 674 147 1295 816 699 842 1521 
867 959 1258 1470 199 1020 1238 1147 1258 1752 1067 774 1559 1143 0 741 985 900 983 1103 1531 1103 1671 1120 1068 610 1474 1268 1032 771 723 1295 1251 1083 1044 1047 668 989 1726 1043 1655 1069 1704 294 1016 205 1249 654 969 1394 1255 644 922 1305 912 1242 366 770 1012 1691 1735 
787 544 536 748 634 666 741 425 536 1030 345 381 838 421 740 0 263 677 261 381 1403 593 1162 398 346 448 752 550 311 376 414 784 530 635 690 693 234 634 1216 602 1145 347 982 801 662 618 527 145 247 672 746 769 568 583 666 521 888 408 594 1182 1595 
960 806 320 517 896 416 692 210 320 814 114 643 607 206 1001 279 0 849 20 166 1488 610 1022 159 108 634 536 334 72 638 675 580 314 782 440 443 496 384 1097 832 1027 132 767 1062 412 880 311 406 31 442 621 1031 318 345 838 305 1150 670 852 1000 1345 
110 137 692 807 811 1155 337 741 691 973 804 744 897 668 916 660 833 0 841 691 770 320 775 841 905 811 695 521 871 739 777 453 523 186 1179 1182 463 1123 830 146 759 790 925 932 1151 794 585 573 808 731 413 301 1057 725 11 676 1064 771 116 795 1949 
969 785 329 522 875 433 702 219 329 824 119 622 612 215 981 259 20 859 0 175 1497 619 1031 164 113 651 546 344 77 617 655 590 323 791 457 460 475 401 1107 836 1036 141 776 1042 429 859 321 386 40 447 630 1010 335 350 848 314 1129 650 835 1010 1362 
816 743 177 391 983 556 549 58 177 671 134 730 480 62 1089 366 163 706 171 0 1346 466 878 171 235 774 393 200 201 725 763 437 171 639 580 584 583 525 954 689 884 120 624 1149 553 967 168 494 138 315 478 1007 459 255 695 162 1237 757 721 857 1486 
708 855 1290 1217 1428 1803 832 1384 1323 1088 1447 1462 1307 1311 1534 1378 1476 751 1485 1334 0 1032 993 1484 1470 1528 1098 1164 1500 1457 1495 933 1166 904 1827 1830 1181 1771 1047 865 977 1433 1175 1457 1800 1412 1176 1291 1452 1142 894 904 1705 1266 740 1307 1682 1489 833 1013 2185 
441 368 462 577 1006 998 244 512 462 785 575 753 668 439 1112 605 604 331 612 462 1041 0 665 612 677 820 507 292 642 748 786 288 294 263 1021 1025 519 966 719 313 648 561 737 1173 994 990 355 486 580 502 248 632 900 496 320 447 1260 780 345 685 1724 
878 805 849 697 1537 1380 424 904 855 214 966 1283 854 833 1642 1135 995 768 1004 855 893 631 0 1004 1029 1350 550 759 1033 1278 1316 528 761 702 1404 1407 1050 1349 121 753 14 952 303 1697 1376 1520 678 1016 971 726 488 1069 1282 825 757 839 1790 1311 784 20 1769 
952 879 312 526 999 501 684 202 312 806 70 745 616 198 1104 382 154 841 158 157 1481 601 1014 0 142 719 528 326 133 740 777 572 306 774 525 528 598 469 1090 824 1019 144 759 1165 497 982 304 509 154 450 613 1130 403 378 830 297 1252 773 856 992 1430 
1048 895 387 475 985 418 698 299 363 889 142 704 565 294 1090 368 134 938 138 254 1469 698 1057 165 0 636 611 423 55 709 700 586 403 870 443 446 585 387 1112 920 1041 220 841 1151 415 968 400 495 140 400 626 1119 321 303 927 378 1238 700 941 1073 1348 
916 673 925 1057 601 443 930 815 925 1419 685 197 1147 811 659 414 613 806 633 771 1531 782 1351 708 606 0 1141 939 600 202 166 974 919 763 467 470 363 411 1405 731 1334 737 1355 795 439 612 916 334 640 982 935 759 346 885 795 910 883 192 723 1371 1263 
833 760 404 252 1367 944 378 459 409 376 521 1114 409 388 1473 754 550 723 559 409 1097 499 583 558 583 1162 0 351 588 1109 1147 372 332 657 968 971 893 912 677 708 606 507 328 1533 940 1351 232 860 526 353 413 1023 846 379 712 394 1621 1141 739 562 1603 
644 571 222 435 1166 742 379 259 221 618 320 913 524 179 1272 552 349 534 357 209 1176 294 798 357 421 960 340 0 387 908 946 267 33 466 766 769 688 710 852 516 781 306 570 1333 739 1150 115 654 324 359 307 834 645 299 523 206 1420 941 548 802 1580 
1014 847 374 502 937 410 725 264 375 869 121 684 592 260 1042 320 86 904 90 220 1496 664 1076 144 54 628 591 389 0 678 692 612 368 836 434 438 537 378 1138 886 1067 186 821 1104 407 921 366 448 92 427 653 1072 312 329 892 359 1191 691 897 1055 1340 
875 632 890 1101 681 542 889 779 889 1384 699 5 1191 775 787 373 617 764 614 735 1490 741 1310 751 700 215 1106 902 664 0 193 933 883 722 566 569 321 511 1364 690 1294 701 1336 847 539 665 881 293 600 1026 893 815 445 937 753 874 935 32 682 1330 1389 
911 669 926 1138 717 542 926 816 926 1421 735 215 1228 812 779 409 654 801 651 772 1527 778 1346 788 705 199 1143 939 698 210 0 970 920 759 567 569 358 511 1401 727 1330 738 1373 884 538 702 918 329 637 1063 930 852 445 973 790 911 972 243 718 1367 1362 
611 537 411 468 1214 979 156 501 443 676 564 961 558 428 1320 795 593 500 601 451 953 309 577 601 591 1028 398 281 621 956 994 0 283 435 1004 1007 728 948 631 485 561 550 628 1380 976 1198 292 694 568 393 84 801 882 387 489 428 1468 988 517 597 1614 
656 582 208 422 1136 710 390 226 208 605 287 883 512 146 1242 520 316 545 325 177 1187 305 802 324 388 928 326 30 354 878 916 278 0 478 734 737 699 678 863 528 793 273 557 1303 706 1120 102 647 292 347 319 846 612 286 534 193 1390 911 559 791 1568 
330 164 633 748 978 1136 288 683 633 924 746 725 838 609 1084 641 775 220 783 633 945 262 726 783 847 792 646 463 813 720 758 404 465 0 1160 1163 444 1104 781 50 710 732 876 1123 1132 962 526 555 750 673 365 491 1038 667 209 618 1232 752 82 746 1894 
1316 1073 761 892 1054 70 1115 651 761 1255 521 570 983 646 1112 702 449 1206 468 606 1763 1050 1350 543 441 502 977 775 435 575 566 1003 754 1163 0 62 763 89 1404 1131 1334 572 1198 1248 50 1065 752 734 478 817 1043 1212 151 720 1195 745 1335 565 1123 1370 964 
1327 1084 771 903 1065 75 1126 661 771 1265 531 581 993 657 1123 712 459 1216 479 617 1773 1061 1360 554 451 513 987 785 446 586 577 1013 765 1174 72 0 773 99 1415 1142 1344 583 1208 1258 83 1075 762 744 489 827 1054 1222 161 730 1205 756 1330 576 1133 1380 902 
602 359 759 965 559 736 664 649 759 1180 568 326 1055 645 664 242 486 492 484 604 1217 517 1085 621 570 392 902 687 534 321 359 708 689 449 761 764 0 705 1139 417 1069 571 1132 725 733 542 744 155 470 890 669 578 639 806 481 744 812 353 409 1105 1557 
1266 1023 710 842 1004 64 1065 600 710 1205 470 520 932 596 1062 652 398 1156 418 556 1712 1000 1299 493 391 452 927 725 385 525 516 953 704 1113 88 91 712 0 1354 1081 1283 522 1147 1197 61 1015 702 684 428 767 993 1161 101 670 1144 695 1285 515 1073 1319 993 
901 828 897 746 1559 1411 446 952 903 380 1014 1306 902 881 1664 1158 1044 791 1052 903 916 654 141 1052 1077 1372 616 781 1082 1300 1339 551 784 725 1435 1438 1072 1379 0 775 123 1001 468 1719 1407 1543 726 1039 1019 749 511 1091 1313 873 780 887 1813 1333 807 161 1792 
281 135 683 799 950 1109 338 732 683 974 796 698 888 659 1056 614 825 171 832 683 896 312 776 833 897 764 696 512 863 693 730 455 515 50 1133 1135 417 1077 831 0 760 782 926 1073 1105 934 577 527 800 723 415 441 1011 717 160 668 1204 725 31 796 1926 
863 790 859 708 1522 1373 409 916 866 270 978 1269 865 844 1627 1121 1007 753 1015 866 878 616 18 1015 1040 1335 579 744 1044 1264 1301 513 747 688 1398 1400 1035 1342 107 738 0 964 357 1682 1370 1505 689 1001 982 712 474 1054 1276 835 742 850 1775 1296 770 38 1755 
941 868 301 515 970 543 673 191 301 795 114 717 605 187 1075 353 150 831 158 147 1470 591 1003 168 221 761 517 315 187 711 749 562 295 763 567 570 569 511 1079 813 1008 0 748 1136 540 953 292 480 125 439 602 1104 445 379 819 286 1224 744 845 981 1472 
1050 976 621 469 1584 1161 595 676 626 220 738 1331 626 605 1690 971 767 939 776 627 1168 716 322 775 801 1379 321 568 806 1326 1364 589 549 874 1185 1188 1111 1129 450 924 392 725 0 1750 1157 1568 450 1077 743 538 630 1240 1064 596 928 611 1838 1359 956 301 1581 
863 955 1323 1535 297 1085 1234 1213 1323 1817 1132 839 1625 1209 292 806 1051 897 1048 1169 1444 1168 1672 1185 1134 675 1539 1334 1098 837 788 1350 1317 1083 1109 1113 733 1054 1726 1039 1656 1135 1770 0 1082 271 1314 719 1034 1460 1310 640 988 1370 908 1308 329 835 1008 1692 1887 
1293 1049 737 869 1031 47 1091 627 737 1231 497 546 959 623 1088 678 425 1182 444 583 1739 1026 1326 520 417 478 953 751 412 552 542 979 731 1140 48 73 739 65 1381 1108 1310 549 1174 1224 0 1041 728 710 454 793 1019 1188 127 696 1171 722 1311 542 1099 1346 976 
724 817 1115 1327 26 877 1095 1004 1115 1609 924 631 1416 1000 188 598 842 758 840 960 1398 960 1528 977 925 467 1331 1125 890 629 580 1152 1109 940 902 905 525 846 1583 900 1512 927 1562 249 874 0 1106 511 826 1251 1112 501 780 1162 769 1100 337 627 869 1548 1679 
710 637 177 340 1138 711 383 226 177 503 289 885 449 155 1243 521 318 600 326 177 1180 359 710 326 390 929 225 118 355 880 918 271 99 532 735 738 736 680 786 582 715 275 455 1305 708 1122 0 649 293 283 311 900 613 255 589 161 1392 912 614 689 1505 
711 468 674 886 558 715 628 564 674 1143 483 305 976 560 664 157 401 601 399 519 1326 480 1048 536 485 372 865 650 449 300 338 672 651 558 740 742 158 684 1103 526 1032 486 1096 724 712 542 665 0 385 810 632 692 618 721 590 659 812 332 518 1068 1535 
943 767 303 515 856 433 675 193 303 797 112 603 605 189 962 239 40 833 44 149 1472 593 1005 165 114 651 519 318 78 598 636 563 297 765 458 461 456 402 1081 814 1010 115 750 1023 430 840 294 367 0 440 604 991 336 351 821 288 1110 631 816 983 1363 
841 768 208 99 1297 789 477 394 240 628 450 1044 165 324 1403 680 449 731 453 345 1132 491 720 480 388 1007 351 360 425 1039 1069 364 359 664 813 816 885 758 774 714 703 449 571 1464 786 1281 285 808 452 0 405 1032 692 184 720 225 1551 1067 745 740 1283 
547 474 428 485 1151 996 93 517 460 692 580 898 575 444 1256 750 610 437 618 468 890 245 514 618 608 964 414 297 638 893 931 66 299 371 1020 1023 664 965 568 422 497 567 645 1317 993 1135 309 631 585 409 0 738 899 403 426 444 1405 925 453 534 1631 
250 366 999 1115 554 1207 645 1049 999 1280 1105 838 1204 975 660 795 1039 307 1037 999 923 628 1083 1147 1122 797 1003 828 1087 833 871 761 831 494 1232 1234 587 1176 1137 450 1067 1096 1233 679 1204 538 892 708 1023 1039 721 0 1110 1033 319 984 808 865 419 1103 2009 
1193 950 638 770 931 132 992 527 638 1132 397 447 859 523 989 579 326 1083 345 483 1639 927 1227 420 318 379 854 652 312 452 443 880 631 1040 156 159 640 100 1281 1009 1211 449 1075 1125 128 942 629 611 355 694 920 1089 0 597 1072 622 1212 442 1000 1247 1061 
844 771 100 256 1194 683 479 311 157 671 351 941 346 250 1299 577 343 733 347 271 1250 494 838 374 282 901 393 307 318 936 965 367 288 666 707 710 794 651 892 716 822 375 623 1361 680 1177 246 705 349 181 407 1034 585 0 722 117 1448 963 748 854 1402 
121 126 680 796 822 1143 326 730 680 962 793 733 886 657 927 649 822 11 830 680 759 309 764 830 894 800 684 510 860 728 766 442 512 175 1168 1170 452 1112 818 135 748 779 914 943 1140 806 574 562 797 720 402 312 1046 714 0 665 1076 760 104 784 1938 
814 741 15 289 1154 727 512 227 40 665 305 901 379 166 1259 537 334 704 342 187 1283 464 870 342 363 945 387 223 370 896 934 400 203 636 751 754 754 696 926 686 855 291 617 1320 724 1138 162 665 309 214 440 1004 629 122 692 0 1408 928 718 851 1435 
1020 1112 1410 1622 384 1173 1390 1300 1410 1904 1219 926 1712 1296 332 893 1138 1053 1135 1256 1683 1255 1823 1272 1221 762 1626 1421 1185 924 875 1447 1404 1235 1197 1200 820 1141 1878 1196 1807 1222 1857 326 1169 358 1401 807 1121 1547 1408 796 1075 1457 1064 1395 0 922 1164 1843 1819 
906 663 921 1133 712 528 920 811 921 1415 730 30 1223 806 810 404 648 796 646 766 1522 773 1341 783 691 201 1137 934 686 35 220 965 915 753 553 556 353 497 1395 721 1325 732 1368 879 525 696 912 324 632 1058 925 847 431 967 785 906 966 0 713 1361 1375 
249 103 707 823 919 1099 353 757 707 988 820 689 913 684 1025 605 839 139 844 707 865 336 791 857 916 755 710 536 880 684 721 469 539 81 1123 1126 408 1068 845 31 775 806 941 1041 1096 903 601 518 818 747 429 409 1001 741 128 692 1173 716 0 811 1919 
901 828 829 677 1560 1369 447 884 835 194 946 1307 834 813 1665 1159 975 791 983 835 916 654 23 983 1009 1373 530 776 1013 1301 1339 551 757 726 1393 1396 1073 1337 145 776 38 932 283 1720 1365 1543 658 1039 951 750 512 1092 1271 804 780 819 1813 1334 808 0 1793 
2088 1845 1555 1465 1809 982 1798 1567 1577 1833 1438 1377 1498 1563 1715 1585 1366 1977 1385 1523 2174 1835 1761 1460 1358 1250 1716 1663 1353 1382 1338 1710 1658 1934 979 907 1534 1006 1816 1903 1745 1489 1613 1925 989 1820 1604 1506 1395 1390 1751 1967 1068 1522 1966 1561 1810 1372 1895 1781 0 
# max. deviation of (average) travel time matrix between customers (incl. depot as last customer) [int** t_travel_maxDev]
0 1 11 5 7 11 6 26 9 11 24 6 6 10 10 4 25 1 26 26 17 3 13 26 25 9 8 2 26 6 6 6 3 8 12 12 1 11 11 1 11 26 4 7 12 8 4 5 26 6 6 3 10 4 1 10 10 7 1 13 30 
6 0 12 5 7 11 2 27 11 7 24 6 7 12 10 4 5 6 4 27 24 2 14 27 5 8 4 4 4 5 5 1 4 0 11 11 1 11 12 0 12 27 6 24 11 9 5 4 5 7 2 6 9 6 6 11 13 6 0 14 15 
8 8 0 4 37 19 15 2 1 11 28 29 5 10 39 29 29 8 30 21 15 5 15 30 6 21 8 4 15 29 27 2 4 9 19 18 27 18 12 10 13 30 6 39 19 37 6 28 30 4 2 15 19 1 9 0 38 29 9 9 36 
6 6 2 0 11 18 7 25 2 4 8 10 0 15 14 6 9 6 9 25 18 3 4 7 7 21 2 3 7 9 17 3 6 4 19 20 8 19 20 4 20 34 4 14 19 12 5 7 4 1 3 9 18 4 7 2 16 14 4 4 40 
11 9 24 21 0 5 15 15 22 21 10 5 22 18 3 11 10 15 11 15 14 10 33 10 11 4 22 15 11 6 6 11 16 12 5 5 8 5 32 11 31 11 27 4 5 0 23 11 10 21 11 8 6 14 15 23 4 5 11 34 13 
12 5 18 8 7 0 16 10 16 16 2 4 7 12 11 3 3 11 2 10 16 14 16 3 3 4 16 16 2 4 4 7 23 6 0 0 7 1 14 5 14 7 17 14 0 13 17 5 5 7 5 6 0 6 11 17 13 3 6 16 14 
5 4 2 2 10 9 0 25 1 4 23 10 4 9 12 7 24 4 24 25 15 1 13 25 8 12 2 1 6 9 9 0 2 2 9 9 7 10 11 3 11 25 5 26 10 11 2 4 24 3 1 8 10 2 4 1 15 10 2 13 35 
6 6 10 9 16 8 19 0 0 8 8 8 10 3 19 8 9 7 9 1 34 3 13 10 8 10 8 11 10 8 7 5 11 5 8 8 7 8 28 5 29 10 13 18 8 17 9 8 9 11 6 11 9 8 7 9 17 8 5 13 20 
8 8 1 8 37 11 11 3 0 11 29 29 6 0 39 29 30 8 30 21 12 5 11 30 7 14 8 4 5 29 28 6 4 9 11 12 28 12 12 9 14 30 7 39 12 37 6 29 30 7 5 15 11 0 8 0 38 28 9 9 31 
10 10 8 2 17 16 5 20 4 0 15 8 2 8 19 16 17 10 17 19 14 4 3 17 14 18 3 7 17 9 7 4 7 9 16 15 12 15 10 8 10 17 5 18 16 17 6 9 17 2 2 9 16 6 10 3 18 8 8 3 45 
12 5 14 13 9 9 22 6 12 11 0 8 14 7 11 4 2 12 1 6 38 10 16 0 1 12 12 12 0 7 7 10 20 13 9 10 8 9 32 13 33 3 17 12 9 10 13 5 3 15 10 8 8 12 12 13 14 8 13 17 24 
9 3 15 14 9 3 12 7 14 13 1 0 13 10 12 2 2 9 2 6 28 2 25 2 4 2 14 9 3 0 0 4 20 3 4 4 1 3 24 4 23 4 19 11 4 10 15 2 2 13 4 2 3 5 10 15 11 0 3 25 9 
6 5 3 0 11 20 16 24 2 5 7 11 0 13 13 7 10 6 10 23 21 2 21 8 8 23 2 2 8 10 18 2 5 5 20 21 8 20 18 4 19 34 4 15 20 13 1 8 6 0 3 10 19 3 5 2 16 15 5 20 39 
12 12 6 6 27 19 10 1 2 5 18 19 8 0 29 19 20 12 20 11 25 10 10 20 19 21 5 13 20 19 17 8 14 13 18 18 17 18 25 13 26 20 10 28 19 27 6 18 20 7 6 18 19 5 12 5 28 18 13 9 38 
6 7 18 18 2 7 10 11 17 16 4 5 17 13 0 5 5 10 5 11 9 5 28 5 6 4 17 10 6 6 5 7 25 7 7 8 5 7 26 6 26 8 22 3 8 7 18 5 5 17 7 5 6 8 9 18 4 5 6 28 17 
7 1 13 15 7 8 9 8 11 13 1 3 13 7 9 0 0 6 0 7 25 4 22 0 0 6 12 13 0 2 3 6 21 1 8 8 3 8 21 1 21 5 17 9 9 7 13 1 0 14 5 4 7 3 6 12 9 4 1 22 23 
12 3 13 7 7 8 22 6 12 12 0 5 5 7 10 1 0 13 0 6 37 10 16 0 0 11 12 12 0 4 5 10 20 14 9 9 5 9 33 14 32 4 16 10 9 7 13 3 0 5 9 5 8 3 13 12 10 6 6 17 23 
0 0 11 5 8 10 5 27 10 9 25 5 6 11 11 3 26 0 26 27 19 2 13 27 26 8 6 3 27 5 5 5 4 7 10 10 0 10 11 0 11 27 5 25 11 9 5 4 26 6 5 6 9 5 0 11 13 6 0 14 30 
13 3 14 7 7 8 22 7 12 12 0 5 5 7 9 1 0 13 0 6 33 10 17 0 0 10 12 12 1 4 5 10 21 14 8 9 5 8 32 10 33 4 17 10 9 7 13 3 0 5 10 6 7 3 12 13 11 5 3 16 23 
7 6 9 8 16 8 17 0 7 7 7 8 10 3 18 8 9 6 9 0 33 4 12 9 8 10 7 12 9 8 6 4 13 7 8 7 6 7 28 7 28 9 12 18 8 16 9 7 9 10 5 13 8 7 6 8 17 8 7 12 21 
1 3 12 19 11 45 11 43 12 29 41 5 17 27 13 3 42 3 42 43 0 11 10 43 11 8 19 19 18 4 4 19 20 7 45 45 2 45 13 3 14 43 29 6 45 12 19 3 42 17 18 9 44 14 3 12 16 6 3 10 33 
4 4 10 4 10 23 10 26 9 3 24 9 5 10 12 7 25 4 25 26 25 0 23 25 24 12 3 2 25 9 9 1 3 3 24 23 7 24 21 3 22 26 9 14 24 11 4 4 24 5 1 8 24 4 4 9 15 10 3 23 36 
10 10 10 5 18 16 8 20 6 3 16 18 4 8 21 16 17 10 17 19 12 8 0 17 16 20 5 7 18 17 17 8 7 11 16 17 14 16 2 11 0 18 2 28 17 20 8 12 17 6 8 16 15 8 10 6 24 18 11 0 41 
11 11 13 12 8 10 22 5 11 11 1 8 13 6 11 4 1 11 0 5 37 9 15 0 1 13 11 11 1 7 9 8 18 12 11 11 8 11 31 12 32 1 16 12 11 10 12 5 2 14 9 11 10 4 11 12 14 8 12 16 25 
12 2 2 6 8 10 14 5 1 8 0 11 4 8 11 1 0 12 0 5 14 9 13 0 0 13 5 11 0 11 13 4 19 13 10 10 4 10 11 13 11 3 6 10 10 9 14 2 1 4 2 5 9 3 12 2 11 11 6 8 24 
8 2 18 9 4 2 11 11 16 17 4 1 8 11 8 1 3 8 2 10 27 4 24 3 2 0 16 16 1 1 0 6 24 2 3 3 2 3 22 2 23 8 15 10 3 9 17 1 3 7 5 3 1 5 8 16 9 1 2 24 7 
13 13 5 3 19 18 9 22 6 3 18 11 3 10 21 18 20 13 19 22 20 2 6 20 11 20 0 5 20 11 10 1 4 12 18 18 9 18 22 11 22 20 6 21 19 19 3 6 19 4 2 10 19 3 13 6 20 11 11 6 38 
4 3 7 6 13 10 13 12 7 6 10 10 8 4 15 10 11 3 11 12 28 1 28 11 11 13 3 0 11 9 10 1 2 5 11 11 8 11 26 5 27 11 5 14 10 13 1 6 11 8 1 11 10 6 3 7 16 10 5 7 39 
14 3 15 7 8 8 13 8 13 13 0 5 5 9 11 2 1 14 1 7 14 11 18 0 0 10 13 13 0 5 10 5 21 15 8 8 5 8 11 15 13 5 18 10 8 8 14 3 1 5 3 6 7 4 14 14 11 10 3 18 22 
10 4 16 13 10 4 13 7 15 14 2 0 14 10 12 2 3 10 3 7 29 3 26 3 3 3 14 8 3 0 0 4 19 4 4 5 2 4 24 4 24 3 20 13 4 10 16 3 3 14 4 1 3 6 10 16 11 1 4 26 9 
7 3 13 19 8 8 9 11 12 16 5 5 17 11 10 4 4 7 4 11 25 7 23 4 8 6 13 14 6 4 0 8 25 4 8 9 6 8 21 3 21 8 16 11 9 8 12 4 4 17 9 7 7 3 7 12 12 5 4 23 13 
21 21 3 5 13 12 17 27 3 3 25 5 6 11 15 23 26 21 26 27 32 7 30 27 7 5 4 3 8 5 4 0 4 19 11 11 5 12 28 19 28 27 9 15 12 13 4 6 26 5 4 18 12 4 21 2 14 5 19 30 37 
4 5 8 7 19 11 13 13 6 6 11 12 8 2 22 11 12 5 12 12 28 2 14 13 12 13 4 0 13 12 10 2 0 5 11 11 10 11 26 5 26 13 5 21 12 19 1 11 12 8 0 11 11 6 4 7 21 11 6 4 39 
6 3 11 5 7 10 3 27 10 8 24 5 6 11 9 3 26 6 26 27 25 2 15 26 26 8 5 3 26 5 5 3 3 0 10 10 0 10 12 0 13 26 6 24 11 7 5 3 26 6 3 7 9 5 6 10 11 6 0 15 37 
11 5 17 9 7 0 16 10 16 16 3 3 7 12 11 4 3 11 2 10 15 14 15 3 2 5 16 16 2 4 5 7 24 6 0 0 7 1 14 6 13 8 17 14 0 12 17 5 4 7 6 6 0 5 11 17 13 4 5 15 15 
12 5 18 9 7 0 16 10 17 16 3 4 7 12 11 4 4 12 2 10 16 14 17 3 3 4 17 16 2 4 4 8 24 6 0 0 8 1 14 6 15 8 17 15 1 13 18 6 4 8 5 7 1 6 12 17 20 4 6 17 14 
7 1 11 13 6 11 10 11 13 3 5 6 11 11 9 4 5 7 4 12 26 2 23 5 4 9 2 1 4 5 5 4 1 1 11 11 0 11 21 2 21 9 7 10 11 7 9 4 5 11 4 11 10 3 7 12 11 7 1 23 15 
11 5 18 9 7 1 15 11 16 15 4 3 7 11 11 4 3 11 2 10 15 14 16 3 2 5 15 16 2 3 5 7 24 5 1 1 8 0 13 5 14 8 18 14 1 12 17 5 4 7 6 7 0 5 11 17 13 4 5 16 16 
8 8 12 5 17 30 7 24 7 12 20 16 5 12 20 14 21 8 21 23 11 7 6 21 17 20 6 6 21 16 16 6 6 10 31 31 14 31 0 10 6 21 13 27 31 18 9 10 21 5 7 16 30 9 8 8 22 17 10 7 40 
6 1 11 4 7 9 4 27 9 8 24 5 6 11 9 3 25 6 22 26 25 1 14 26 25 8 5 3 26 4 5 3 3 0 10 11 0 10 12 0 12 26 6 24 10 8 4 3 26 6 3 6 9 4 6 10 12 6 0 15 17 
10 10 13 7 18 32 8 24 8 16 20 17 6 12 21 15 21 10 21 24 12 9 0 21 18 20 7 7 22 16 18 8 7 11 32 33 15 32 1 11 0 21 17 28 32 20 10 12 21 5 8 16 31 11 10 8 24 18 11 0 40 
13 12 16 16 9 9 25 7 15 14 1 5 17 10 12 2 2 12 2 6 40 9 19 1 2 11 15 7 3 5 6 11 15 10 9 9 6 9 35 11 35 0 19 11 9 10 16 3 2 17 12 6 8 14 13 15 11 6 10 19 24 
9 10 8 3 16 15 5 19 5 3 15 8 2 7 18 15 16 10 16 18 18 5 2 17 14 17 4 8 16 8 6 5 8 8 15 15 12 15 9 8 9 16 0 18 16 16 6 9 16 6 2 9 15 7 10 4 17 7 7 2 41 
8 6 22 18 5 8 12 12 20 20 8 8 19 15 3 8 8 12 8 12 8 8 26 8 8 7 21 13 9 9 8 13 23 11 8 7 7 7 24 9 24 8 25 0 8 5 22 9 8 19 13 5 8 12 12 21 2 7 8 26 16 
11 6 17 9 7 0 16 10 16 16 3 4 7 11 12 4 3 11 3 10 15 15 15 3 2 5 16 16 1 3 5 8 24 5 0 2 8 1 13 5 13 8 18 14 0 12 17 6 4 8 6 7 1 5 11 16 13 4 5 16 15 
10 8 23 19 0 9 15 14 21 21 9 9 21 17 4 9 10 14 9 14 14 9 33 9 10 8 22 15 10 10 9 10 16 11 8 8 8 8 30 11 31 9 26 4 9 0 23 10 9 21 11 7 9 13 14 22 2 8 10 33 17 
5 5 6 1 26 18 13 23 5 4 18 18 4 11 29 19 19 5 19 22 28 3 3 20 19 20 1 2 20 18 17 0 1 6 19 18 15 18 19 7 20 20 4 28 18 26 0 18 19 4 0 12 19 5 5 6 27 18 6 3 32 
5 4 11 19 7 11 9 11 13 5 5 6 17 11 9 4 5 5 4 12 24 4 23 5 4 9 2 2 3 5 6 5 3 5 11 12 6 11 20 4 21 9 6 11 11 8 12 0 5 18 6 7 10 3 5 12 12 7 4 23 16 
13 2 14 14 7 8 22 7 12 12 0 5 12 7 9 1 0 12 0 6 38 10 16 0 0 11 12 12 0 4 4 10 20 14 8 8 5 8 32 13 33 4 16 9 8 7 13 2 0 12 10 5 7 3 13 12 11 5 2 17 22 
6 5 3 2 12 20 15 24 3 6 6 11 0 13 14 8 10 5 10 23 17 2 17 8 9 23 3 1 8 10 18 1 5 4 21 21 9 20 15 4 16 33 8 15 20 13 2 8 6 0 2 10 19 2 5 2 17 16 5 17 39 
17 17 2 3 9 9 12 25 2 2 23 6 3 8 12 3 23 17 23 24 28 4 26 23 8 9 2 1 5 5 5 0 1 16 9 9 3 8 24 15 25 23 6 11 9 9 1 2 23 3 0 14 9 2 17 2 11 6 16 26 34 
3 2 19 12 9 6 7 34 17 7 17 1 14 19 11 2 2 7 2 34 7 9 20 29 3 4 7 11 2 1 0 8 11 6 5 5 3 5 19 3 18 30 12 18 5 9 12 2 2 13 8 0 5 12 7 18 10 2 3 20 14 
11 5 17 8 7 1 16 10 16 15 3 3 7 12 11 3 3 11 2 10 16 14 15 3 2 4 16 16 2 4 4 7 24 5 1 1 7 1 14 5 13 8 17 14 2 12 17 5 4 7 5 6 0 5 11 17 13 4 5 15 16 
8 8 1 7 13 18 12 5 1 8 7 12 5 15 16 9 8 8 8 26 12 5 11 6 7 21 5 8 6 12 21 5 8 9 18 19 12 19 11 9 12 35 3 17 18 15 7 10 8 5 3 15 17 0 8 1 18 18 9 9 32 
0 0 12 5 8 10 5 27 10 9 25 5 6 11 11 3 26 0 26 27 19 2 13 27 26 8 6 3 26 4 5 4 4 7 10 11 0 10 12 0 11 27 5 25 10 9 4 4 26 6 5 6 9 5 0 11 13 6 0 13 30 
8 8 1 6 37 29 12 2 0 11 29 29 4 11 40 29 30 8 30 21 13 5 11 30 7 31 8 4 27 29 28 4 4 9 29 29 28 28 9 9 11 30 7 39 29 37 6 29 30 4 2 15 30 0 8 0 38 29 9 8 33 
6 5 20 16 4 5 11 10 18 18 6 6 17 13 1 6 6 11 6 10 7 6 30 6 6 4 18 11 7 7 6 7 22 8 5 5 4 5 27 7 28 6 23 0 6 4 20 6 6 17 7 4 6 10 11 19 0 5 7 30 23 
10 4 16 14 10 3 13 6 14 14 2 0 13 10 9 2 3 10 2 7 28 2 26 2 3 2 15 9 2 0 0 3 20 4 3 3 1 3 24 4 24 4 19 12 3 10 16 3 2 13 4 2 2 7 10 15 11 0 4 26 8 
6 1 13 6 8 10 2 28 11 7 26 5 7 12 10 3 8 6 1 28 24 3 15 28 15 8 4 5 15 4 5 2 5 0 10 11 0 10 13 0 13 28 6 24 10 9 6 3 13 7 2 7 9 6 6 12 13 6 0 15 15 
10 10 10 5 18 16 8 20 6 3 16 17 4 8 21 15 17 10 17 19 12 9 0 18 16 20 5 10 18 17 18 8 9 11 16 15 15 16 1 11 0 18 2 28 16 20 8 12 17 5 8 16 16 8 10 6 24 18 11 0 40 
13 7 134 131 7 4 114 13 113 112 7 6 151 17 13 7 8 13 6 13 101 129 104 7 7 9 133 46 6 6 6 132 39 8 4 3 9 4 106 7 108 10 114 16 5 12 77 7 9 129 130 6 5 117 13 114 18 7 7 104 0 
# indicator whether saturdays count as workdays (stored as 1 or 0 for "TRUE" or "FALSE", resp.) [SCIP_Bool workOnSaturdays]
0
# start date of planning period (stored as 4 integers: day, month, year, weekday) [date* startDate]
9 11 2020 0
# end date of planning period (stored as 4 integers: day, month, year, weekday) [date* endDate]
27 11 2020 4
# maximal number of delay events considered (in robust optimization) [int maxDelayEvents]
10
# number of workdays in planning period [int nDays]
5
# day properties (stored as 6 integers: index, shift_start, shift_end, break_start, break_end, break_length) [dayProperty* days]
0 21600 79200 39600 54000 1800
1 21600 79200 39600 54000 1800
2 21600 79200 39600 54000 1800
3 21600 79200 39600 54000 1800
4 21600 79200 39600 54000 1800
# day sizes (day, number of available customers on that day) [int* day_sizes]
0 10
1 15
2 14
3 10
4 11
# list of neighbor nodes of customers for each day in planning period [neighbor*** neighbors]
0 1 7 43 6 55 5 60 
1 4 22 44 60 
2 0 12 47 51 48 57 26 30 60 
3 4 9 59 54 58 14 13 19 22 1 44 60 
4 1 56 36 42 29 37 49 45 43 7 40 0 5 6 55 60 
5 1 0 55 6 60 
6 1 0 55 5 60 
7 1 29 45 40 43 0 55 6 5 60 
8 3 39 17 25 35 20 23 46 28 11 60 
9 4 59 3 54 58 14 13 19 22 1 44 60 
10 0 24 47 12 51 48 2 57 26 30 60 
11 3 23 28 46 60 
12 0 24 47 51 2 48 57 26 30 60 
13 4 58 14 19 44 1 22 60 
14 4 9 54 3 58 13 19 1 44 22 60 
15 2 32 21 16 53 33 34 60 
16 2 32 53 34 33 60 
17 3 8 25 20 35 23 46 11 28 60 
18 2 31 52 27 32 15 21 16 53 34 33 60 
19 4 58 14 44 1 22 60 
20 3 17 25 35 23 46 11 28 60 
21 2 32 15 33 53 16 34 60 
22 4 1 44 60 
23 3 25 35 28 46 11 60 
24 0 10 47 12 51 48 2 57 26 30 60 
25 3 8 17 35 20 23 11 28 46 60 
26 0 12 47 30 60 
27 2 52 32 21 15 53 16 33 34 60 
28 3 23 46 11 60 
29 1 4 36 56 42 37 49 45 7 43 40 0 5 55 6 60 
30 0 26 60 
31 2 18 52 27 32 21 15 53 33 16 34 60 
32 2 27 21 15 53 16 33 34 60 
33 2 32 53 16 34 60 
34 2 32 16 53 33 60 
35 3 17 25 20 23 28 11 46 60 
36 1 4 56 42 29 37 49 45 7 43 40 0 6 5 55 60 
37 1 4 36 42 56 29 49 45 7 43 40 0 5 55 6 60 
38 2 50 41 31 18 52 27 32 21 15 33 53 16 34 60 
39 3 8 17 25 20 35 23 46 11 28 60 
40 1 29 45 7 43 0 6 55 5 60 
41 2 50 38 18 31 52 27 32 15 21 16 53 34 33 60 
42 1 4 36 56 49 37 29 45 40 7 43 0 6 55 5 60 
43 1 29 45 7 40 0 5 6 55 60 
44 4 1 22 60 
45 1 42 29 37 49 43 7 40 0 5 6 55 60 
46 3 23 28 11 60 
47 0 24 51 12 57 48 2 26 30 60 
48 0 47 12 51 2 57 26 30 60 
49 1 4 42 36 56 37 29 45 7 40 43 0 55 6 5 60 
50 2 41 38 31 18 52 27 32 21 15 33 53 16 34 60 
51 0 24 47 12 57 2 48 26 30 60 
52 2 27 32 15 21 34 16 53 33 60 
53 2 32 16 33 34 60 
54 4 9 59 3 58 14 13 19 1 22 44 60 
55 1 0 6 5 60 
56 1 4 36 42 29 37 49 45 43 7 40 0 5 6 55 60 
57 0 47 51 12 48 2 26 30 60 
58 4 9 54 3 14 13 19 1 22 44 60 
59 4 9 3 54 58 14 13 19 22 1 44 60 
60 0 24 10 47 12 51 57 48 2 26 30 
60 1 4 36 42 56 37 29 49 45 7 40 43 0 5 55 6 
60 2 41 50 38 18 31 52 27 32 15 21 34 16 53 33 
60 3 8 39 17 25 35 20 23 28 11 46 
60 4 9 3 59 54 14 58 13 19 44 1 22 
