# number of customers + 1 (depot stored as last "customer") [int nC]
61
# customer IDs (depot gets ID -1) [int* customerIDs]
102560299 102555533 102558438 102553497 102554950 102562872 102566894 102563140 102572856 102572386 102554583 102554934 102558044 102555596 102572768 102562253 102572940 102572890 102568919 102553021 102566585 102577000 102573980 102569411 102563649 102568244 102575564 102564043 102569323 102574868 102572353 102568579 102555524 102572388 102568810 102572786 102558426 102568467 102562105 102564330 102576975 102558383 102572600 102563428 102551928 102554895 102558490 102565178 102550547 102574133 102562601 102574861 102556771 102575682 102558145 102560779 102551863 102564456 102558182 102552304 -1 
# time window lists for each real customer (number of elements followed by elements' contents (day,start_t,end_t,weight)) [modelWindow** timeWindows]
2 4 36000 46800 0.45 5 46800 50400 0.98 
2 1 43200 46800 0.44 6 43200 46800 0.44 
2 4 36000 39600 0.56 9 36000 39600 0.56 
2 4 39600 50400 0.58 9 39600 50400 0.58 
2 3 36000 46800 0.96 8 36000 46800 0.96 
2 4 54000 61200 0.45 9 54000 61200 0.45 
2 2 32400 39600 0.46 8 36000 39600 0.51 
2 0 54000 57600 0.88 5 54000 57600 0.88 
2 1 39600 43200 0.71 6 39600 43200 0.71 
2 1 36000 43200 0.97 5 54000 57600 0.76 
2 1 32400 43200 0.45 6 32400 43200 0.45 
2 3 32400 36000 0.51 6 43200 54000 0.72 
2 0 50400 61200 0.48 5 50400 61200 0.48 
2 0 46800 50400 0.77 5 46800 50400 0.77 
2 2 39600 50400 0.60 7 39600 50400 0.60 
2 3 50400 54000 0.45 8 50400 54000 0.45 
2 4 43200 54000 0.90 9 43200 54000 0.90 
2 2 54000 61200 0.86 7 54000 61200 0.86 
2 4 46800 57600 0.41 9 46800 57600 0.41 
2 1 54000 61200 0.54 6 54000 61200 0.54 
2 1 36000 46800 0.89 9 36000 43200 0.91 
2 0 36000 46800 0.66 5 36000 46800 0.66 
2 4 43200 46800 0.69 9 43200 46800 0.69 
2 4 43200 54000 0.59 9 43200 54000 0.59 
2 2 36000 46800 0.45 7 36000 46800 0.45 
2 3 54000 61200 0.49 8 54000 61200 0.49 
2 2 43200 50400 0.53 7 43200 50400 0.53 
2 0 39600 43200 0.72 5 39600 43200 0.72 
2 4 54000 61200 0.64 5 50400 57600 0.93 
2 1 46800 50400 0.47 6 46800 50400 0.47 
2 2 39600 43200 0.77 7 39600 43200 0.77 
2 4 46800 50400 0.96 9 46800 50400 0.96 
2 3 36000 43200 0.40 8 36000 43200 0.40 
2 4 36000 46800 0.93 9 36000 46800 0.93 
2 1 36000 46800 0.62 5 54000 61200 0.65 
2 2 50400 57600 0.41 7 50400 57600 0.41 
2 0 43200 46800 0.71 5 43200 46800 0.71 
2 1 50400 54000 0.84 6 50400 54000 0.84 
2 3 39600 50400 0.42 8 39600 50400 0.42 
2 3 50400 57600 0.69 8 50400 57600 0.69 
2 4 39600 50400 0.92 9 39600 50400 0.92 
2 3 39600 46800 0.50 8 39600 46800 0.50 
2 0 36000 46800 0.74 5 36000 46800 0.74 
2 3 32400 36000 0.92 8 32400 36000 0.92 
2 1 54000 61200 0.90 6 54000 61200 0.90 
2 2 39600 46800 0.77 7 39600 46800 0.77 
2 4 50400 61200 0.70 9 50400 61200 0.70 
2 0 46800 57600 0.49 5 46800 57600 0.49 
2 2 46800 54000 0.71 7 46800 54000 0.71 
2 1 39600 46800 0.99 6 39600 46800 0.99 
2 0 43200 46800 0.74 5 43200 46800 0.74 
2 0 32400 39600 0.96 5 32400 39600 0.96 
2 2 54000 61200 0.60 8 32400 43200 0.77 
2 0 50400 54000 0.82 5 50400 54000 0.82 
2 4 50400 61200 0.97 9 50400 61200 0.97 
2 1 32400 43200 0.50 6 32400 43200 0.50 
2 0 54000 57600 0.52 5 54000 57600 0.52 
2 4 36000 46800 0.47 9 36000 46800 0.47 
2 2 39600 46800 0.43 7 39600 46800 0.43 
2 3 39600 50400 0.42 8 39600 50400 0.42 
# objective function coefficients [SCIP_Real* obj]
512.386333 149.171476 585.023000 594.949333 550.421000 594.487000 591.397000 154.854000 1045.081000 1037.325000 366.542333 1019.633000 1066.802333 294.125000 204.887476 1013.391000 250.032000 1045.675000 217.615333 556.398000 1036.160000 272.402000 569.565000 1086.083000 1014.838000 183.337000 235.565667 508.960333 298.606333 265.580667 594.194333 1084.517000 1098.690000 552.569333 154.705143 585.381000 543.083000 507.561000 599.708000 157.647143 205.890000 1010.985000 597.838333 140.434000 1028.094000 1080.388000 573.072333 1025.032333 583.886333 518.907000 509.536000 1012.190000 1058.530333 233.360667 224.185667 568.736000 1059.727000 554.964333 1013.238000 163.343000 0.000000 
# shift start time [int shift_start]
21600
# shift end time [int shift_end]
79200
# service times at customers (depot has service time 0.0) [int* t_service]
300 120 180 180 120 180 120 180 180 300 120 180 120 180 240 120 60 180 120 300 300 240 120 240 180 60 120 120 240 300 180 300 60 300 180 120 240 60 240 60 120 180 60 240 120 180 60 120 240 240 60 120 240 60 240 240 180 180 120 300 0 
# max. deviation of service times at customers (depot again 0.0) [int* t_service_maxDev]
420 240 480 480 120 420 300 60 180 180 180 300 300 240 420 120 240 420 300 240 360 180 360 360 240 180 300 540 480 60 120 240 240 60 420 360 360 300 480 240 540 120 240 480 300 360 540 240 360 300 420 480 120 240 300 240 120 300 240 240 0 
# morning/AM travel time matrix between customers (incl. depot as last customer) [int** t_travelAM]
0 610 729 315 306 1065 1222 892 1191 1215 292 308 1141 169 1237 1779 1233 1190 1129 310 1140 1834 1393 1154 950 1059 1693 1058 1158 1115 1260 1202 635 1226 1112 1225 723 1124 1785 1082 1814 437 1254 1191 872 316 716 1198 1281 1739 936 1642 216 1533 1858 239 865 968 1600 786 3142 
364 0 918 297 197 1125 1282 952 1251 1275 238 194 1330 253 1297 1968 1293 1250 1189 499 1200 1894 1453 1214 1010 1119 1753 1118 1218 1175 1320 1262 25 1286 1172 1285 912 1184 1974 1142 1874 626 1314 1251 832 187 905 1258 1341 1799 996 1702 235 1593 2047 302 1028 1028 1788 686 3202 
731 1256 0 630 773 1711 1868 1539 1837 1862 693 771 520 753 1883 1159 1879 1836 1775 538 1786 2481 2040 1800 1596 1705 2339 1704 1804 1761 1906 1848 1281 1872 1758 1871 54 1770 1165 1728 2460 297 1900 1837 560 764 10 1845 1927 2385 1582 1915 852 2179 1238 883 554 1614 979 658 3789 
300 771 620 0 142 1226 1383 1053 1352 1376 62 140 1032 210 1397 1670 1393 1351 1290 201 1301 1995 1554 1315 1111 1220 1854 1218 1318 1276 1421 1363 796 1387 1272 1386 614 1285 1676 1243 1975 328 1414 1351 635 133 607 1359 1441 1899 1096 1803 309 1693 1749 356 756 1129 1491 489 3303 
322 751 772 151 0 1206 1363 1033 1332 1356 113 2 1184 191 1378 1822 1373 1331 1270 352 1281 1975 1534 1295 1091 1200 1834 1198 1298 1256 1401 1343 776 1367 1252 1366 765 1265 1828 1223 1955 480 1394 1331 676 9 758 1339 1421 1879 1076 1783 289 1673 1901 336 872 1109 1642 530 3283 
1059 1140 1705 1230 1187 0 543 398 503 502 1171 1189 2114 1041 552 1626 509 498 399 1286 461 1385 680 399 225 326 984 378 420 665 547 484 1165 513 412 541 1699 406 1609 403 1364 1413 540 511 1818 1197 1692 680 563 1025 222 1192 1034 824 2145 1052 1841 230 1880 1671 2693 
1200 1280 1845 1371 1327 529 0 635 142 514 1312 1330 1839 1181 142 1350 192 150 222 1426 131 1039 716 219 384 309 682 236 209 313 442 274 1305 513 205 130 1839 266 1333 181 1019 1554 475 293 1958 1337 1832 253 320 886 372 916 1175 521 1869 1193 1982 390 1605 1812 2347 
859 940 1505 1030 987 364 613 0 538 515 971 989 1917 841 599 1753 542 530 456 1085 531 1511 693 456 249 358 1001 505 477 792 559 501 965 525 470 588 1498 423 1736 500 1491 1213 553 638 1617 997 1491 751 580 1038 235 1319 834 841 2272 852 1641 267 2007 1471 2819 
1174 1254 1820 1345 1302 493 141 570 0 371 1286 1304 1912 1155 61 1423 50 7 126 1400 203 1066 574 93 330 234 605 216 110 385 306 138 1279 371 109 49 1813 147 1406 171 1046 1528 338 337 1932 1311 1806 326 184 759 307 989 1149 445 1942 1167 1956 325 1677 1786 2374 
1198 1278 1843 1369 1325 484 483 536 342 0 1310 1328 2247 1179 403 1758 354 334 358 1424 446 1408 256 358 311 264 733 458 379 720 166 309 1303 10 372 391 1837 313 1741 414 1388 1552 160 580 1956 1335 1830 661 312 650 274 1324 1173 573 2277 1191 1980 292 2012 1810 2716 
279 708 679 59 114 1163 1320 990 1289 1313 0 116 1091 148 1335 1729 1330 1288 1227 260 1238 1932 1491 1252 1048 1157 1791 1155 1255 1213 1358 1300 733 1324 1209 1323 673 1222 1735 1180 1912 388 1351 1288 646 122 666 1296 1378 1836 1033 1740 246 1630 1809 293 816 1066 1550 500 3240 
324 753 769 149 2 1208 1365 1035 1334 1358 115 0 1181 193 1380 1819 1376 1333 1272 350 1283 1977 1536 1297 1093 1202 1836 1201 1301 1258 1403 1345 778 1369 1255 1368 763 1267 1825 1225 1957 478 1397 1334 674 7 756 1341 1424 1882 1079 1785 291 1676 1899 338 870 1111 1640 528 3285 
1009 1533 494 908 1051 1989 1821 1816 1912 2139 971 1048 0 1030 1925 638 1953 1911 1927 815 1784 2496 2317 1953 1874 1983 2355 1933 1943 1631 2184 2049 1558 2150 1910 1913 459 2000 644 1877 2476 574 2177 1962 580 1041 481 1790 2095 2442 1859 1394 1129 2195 717 1160 439 1891 458 775 3804 
154 564 754 211 166 1019 1176 846 1145 1170 152 168 1166 0 1191 1804 1187 1144 1083 335 1094 1788 1347 1108 904 1013 1647 1012 1112 1069 1214 1156 589 1180 1066 1179 748 1078 1810 1036 1768 463 1208 1145 799 176 741 1153 1235 1693 890 1596 98 1487 1883 154 891 922 1625 652 3096 
1203 1283 1848 1374 1330 522 145 623 67 439 1315 1333 1943 1184 0 1454 117 75 169 1429 229 1065 641 160 373 289 599 245 156 416 367 199 1308 438 151 13 1842 213 1437 197 1045 1557 399 363 1961 1340 1835 357 245 803 361 995 1178 439 1973 1196 1985 379 1708 1815 2373 
1307 1832 793 1206 1349 1587 1365 1754 1456 1756 1269 1347 659 1329 1469 0 1498 1455 1472 1114 1328 2041 1934 1497 1475 1542 1899 1477 1487 1176 1761 1593 1857 1767 1454 1457 787 1545 23 1422 2020 873 1777 1506 1239 1340 780 1335 1639 1987 1519 938 1427 1739 690 1459 1098 1487 425 1391 3349 
1218 1298 1864 1389 1346 529 192 581 50 370 1330 1348 1956 1199 112 1467 0 43 147 1444 247 1117 573 104 356 246 562 260 121 429 263 95 1323 370 153 100 1857 159 1450 215 1097 1572 295 381 1976 1355 1850 370 141 716 319 1033 1193 402 1986 1211 2000 337 1721 1830 2425 
1174 1255 1820 1346 1302 494 148 562 7 364 1286 1304 1912 1156 69 1424 42 0 126 1401 203 1074 566 85 330 227 604 216 102 386 305 137 1280 363 109 57 1814 140 1406 172 1053 1528 335 338 1933 1312 1807 326 183 758 300 990 1149 444 1943 1167 1956 318 1678 1786 2382 
1112 1192 1758 1283 1240 422 219 474 121 368 1224 1242 1947 1094 170 1458 156 120 0 1338 141 1175 546 46 248 138 719 154 67 420 379 223 1217 379 21 159 1751 145 1441 110 1155 1466 373 276 1870 1250 1744 361 298 831 211 1024 1087 559 1977 1105 1894 229 1712 1724 2483 
308 832 528 207 350 1288 1445 1115 1414 1438 270 347 940 329 1459 1578 1455 1413 1351 0 1362 2057 1616 1377 1173 1282 1915 1280 1380 1337 1483 1425 857 1449 1334 1447 522 1347 1584 1305 2036 237 1476 1413 671 340 515 1421 1503 1961 1158 1864 428 1755 1658 459 665 1190 1399 679 3365 
1122 1203 1768 1294 1250 442 133 547 205 451 1234 1252 1810 1104 236 1321 247 204 143 1349 0 1091 629 168 297 222 795 149 172 284 463 331 1228 462 126 224 1762 253 1304 93 1071 1476 457 178 1881 1260 1755 224 388 939 285 887 1097 635 1840 1115 1904 303 1576 1734 2399 
1787 1868 2433 1958 1915 1337 1048 1504 1082 1232 1899 1917 2509 1769 1082 2021 1050 1090 1184 2014 1105 0 1434 1154 1226 1210 954 1218 1171 1032 1124 993 1893 1231 1167 1071 2426 1072 2003 1162 179 2141 1156 1274 2545 1925 2419 1174 912 1042 1269 1409 1762 794 2540 1780 2569 1237 2275 2399 1839 
1383 1463 2029 1554 1511 670 693 721 552 257 1495 1513 2440 1364 613 1958 564 544 562 1609 650 1618 0 562 496 468 943 662 583 929 376 519 1488 268 576 602 2022 523 1940 618 1598 1737 370 784 2141 1520 2015 869 522 860 459 1524 1358 783 2477 1376 2165 477 2212 1995 2926 
1138 1219 1784 1309 1266 425 216 477 106 369 1250 1268 1975 1120 168 1486 110 99 43 1365 170 1173 549 0 251 141 673 183 21 449 332 177 1244 369 56 156 1777 99 1469 139 1152 1492 340 305 1896 1276 1770 389 252 785 214 1052 1113 512 2005 1131 1920 232 1741 1750 2481 
939 1020 1585 1110 1067 220 390 278 336 321 1051 1069 1991 921 386 1503 343 331 232 1166 307 1261 498 232 0 160 807 255 253 542 365 307 1045 331 246 374 1579 229 1486 276 1241 1293 359 388 1698 1077 1572 527 386 844 43 1069 914 647 2022 932 1721 17 1757 1551 2569 
1040 1120 1685 1211 1167 326 285 378 194 256 1152 1170 2008 1021 255 1520 198 186 116 1266 203 1252 454 116 152 0 657 216 137 482 241 157 1145 250 129 244 1679 79 1503 172 1231 1394 235 338 1798 1177 1672 422 236 720 116 1086 1015 497 2039 1032 1822 134 1774 1652 2560 
1674 1755 2320 1845 1802 986 688 1038 590 724 1786 1804 2396 1656 579 1908 542 586 689 1901 772 1388 927 646 812 703 0 787 664 842 617 485 1780 724 693 593 2313 565 1890 740 1432 2028 649 906 2432 1812 2306 899 404 657 776 1232 1649 157 2427 1667 2456 794 2162 2286 2691 
1048 1129 1694 1220 1176 368 237 534 226 472 1160 1178 1960 1030 272 1472 268 225 164 1275 155 1203 650 189 256 243 826 0 193 434 484 352 1154 483 147 260 1688 274 1454 103 1183 1402 478 193 1807 1186 1681 374 409 960 300 1038 1023 666 1991 1041 1830 267 1726 1660 2511 
1132 1212 1777 1303 1259 448 195 500 98 394 1244 1262 1954 1113 147 1465 136 97 65 1358 161 1152 572 22 274 164 698 174 0 428 358 202 1237 394 66 135 1771 124 1448 130 1132 1486 366 296 1890 1269 1764 368 277 810 237 1031 1107 538 1984 1125 1914 255 1720 1744 2460 
1082 1163 1728 1253 1210 633 316 799 407 730 1194 1212 1668 1064 419 1180 448 406 422 1309 278 1055 908 447 521 500 871 428 438 0 712 544 1188 741 405 407 1722 495 1162 372 1035 1436 736 457 1841 1220 1715 195 589 1001 563 746 1057 753 1699 1075 1864 532 1434 1694 2363 
1272 1353 1918 1443 1400 559 443 611 311 178 1384 1402 2216 1254 364 1728 267 304 363 1498 450 1369 381 353 385 269 634 463 371 690 0 210 1378 178 377 352 1911 283 1711 419 1348 1626 32 585 2030 1410 1904 631 213 483 348 1294 1247 474 2247 1265 2054 366 1982 1884 2677 
1214 1295 1860 1385 1342 501 255 553 114 294 1326 1344 2019 1196 176 1531 93 107 204 1440 301 1181 497 161 327 217 499 313 178 493 200 0 1320 293 216 164 1853 79 1513 269 1160 1568 232 435 1972 1352 1846 433 78 653 290 1097 1189 339 2050 1207 1996 308 1785 1826 2489 
352 22 905 285 184 1147 1304 974 1273 1298 225 182 1317 240 1319 1955 1315 1272 1211 486 1222 1916 1475 1236 1032 1141 1775 1140 1240 1197 1342 1284 0 1308 1194 1307 899 1206 1961 1164 1896 614 1336 1273 820 174 892 1281 1363 1821 1018 1724 222 1615 2035 289 1016 1050 1776 673 3224 
1205 1286 1851 1376 1333 492 480 544 339 7 1317 1335 2244 1187 401 1756 351 332 356 1431 443 1406 263 356 318 262 730 456 377 718 164 306 1311 0 369 389 1844 311 1738 411 1385 1559 157 577 1963 1343 1837 658 309 647 281 1322 1180 570 2275 1198 1987 299 2010 1817 2714 
1103 1184 1749 1275 1231 423 210 484 112 379 1215 1233 1938 1085 162 1450 154 111 23 1330 133 1167 556 57 258 149 716 145 78 412 389 234 1209 389 0 150 1743 156 1432 101 1146 1457 384 267 1862 1241 1736 352 295 842 222 1016 1078 556 1969 1096 1885 240 1704 1715 2475 
1189 1270 1835 1361 1317 509 132 610 53 425 1301 1319 1929 1171 11 1441 103 61 155 1416 216 1057 628 147 359 275 611 231 142 403 354 186 1295 425 138 0 1829 200 1424 184 1037 1543 386 350 1948 1327 1822 343 232 807 347 987 1164 450 1960 1182 1971 366 1695 1801 2365 
719 1244 54 618 761 1699 1856 1526 1825 1849 681 759 466 741 1871 1105 1866 1824 1763 526 1774 2468 2027 1788 1584 1693 2327 1691 1791 1749 1894 1836 1269 1860 1745 1859 0 1758 1111 1716 2448 284 1887 1824 506 751 58 1832 1914 2372 1569 1861 839 2166 1184 871 500 1602 925 604 3776 
1134 1215 1780 1306 1262 421 235 473 114 290 1246 1264 1994 1116 176 1505 118 107 124 1361 221 1181 492 81 247 138 577 233 98 467 253 77 1240 289 138 164 1774 0 1488 189 1160 1488 261 355 1893 1272 1767 408 156 705 210 1071 1109 417 2024 1127 1916 229 1759 1747 2489 
1301 1826 787 1200 1343 1564 1342 1730 1433 1733 1263 1341 653 1323 1446 17 1474 1432 1448 1108 1305 2018 1911 1474 1452 1519 1876 1454 1464 1152 1738 1570 1851 1744 1431 1434 780 1521 0 1398 1997 867 1754 1483 1233 1333 773 1311 1616 1963 1496 915 1421 1716 683 1453 1092 1463 419 1384 3326 
1071 1152 1717 1243 1199 391 179 513 171 417 1183 1201 1902 1053 212 1413 213 170 109 1298 97 1145 595 134 262 187 766 104 138 376 429 296 1177 428 92 200 1711 219 1396 0 1125 1425 423 231 1830 1209 1704 316 354 905 250 979 1046 606 1932 1064 1853 268 1668 1683 2453 
1760 1841 2406 1931 1888 1311 1021 1477 1055 1205 1872 1890 2482 1742 1055 1994 1023 1063 1157 1987 1079 168 1407 1127 1199 1183 927 1191 1144 1005 1097 966 1866 1204 1140 1044 2400 1045 1976 1135 0 2114 1130 1247 2519 1898 2393 1147 885 1015 1243 1472 1735 767 2513 1753 2542 1210 2248 2372 1769 
434 959 291 333 476 1414 1571 1241 1540 1564 396 474 721 456 1586 1359 1581 1539 1478 241 1489 2183 1742 1503 1299 1408 2042 1406 1506 1464 1609 1551 984 1575 1461 1574 285 1473 1365 1431 2163 0 1602 1539 452 466 278 1547 1630 2087 1284 1991 554 1882 1439 586 446 1317 1180 541 3491 
1269 1349 1915 1440 1397 556 452 607 311 175 1381 1399 2216 1250 372 1727 296 303 360 1495 447 1377 378 353 382 266 663 460 370 690 28 239 1374 175 373 361 1908 282 1710 416 1357 1623 0 582 2027 1406 1901 630 242 512 345 1293 1244 503 2246 1262 2051 363 1982 1881 2685 
1171 1251 1817 1342 1299 490 291 657 343 589 1283 1301 1995 1153 378 1506 384 342 281 1397 185 1258 767 306 379 359 936 189 309 469 601 468 1276 599 263 366 1810 390 1489 231 1237 1525 594 0 1929 1309 1803 409 526 1076 422 1072 1146 776 2025 1164 1953 390 1761 1783 2566 
872 1173 573 642 665 1809 1966 1636 1935 1959 646 662 574 794 1981 1212 1976 1934 1873 679 1884 2578 2137 1898 1694 1803 2437 1801 1901 1859 2004 1946 1198 1970 1856 1969 519 1868 1218 1826 2558 462 1997 1934 0 655 577 1942 2025 2482 1679 1968 892 2277 1291 939 196 1712 1032 194 3886 
331 760 762 141 9 1215 1373 1043 1342 1366 123 7 1174 200 1387 1812 1383 1341 1279 343 1290 1985 1544 1305 1101 1210 1843 1208 1308 1265 1410 1352 785 1376 1262 1375 755 1275 1818 1233 1964 470 1404 1341 666 0 748 1349 1431 1889 1086 1792 299 1683 1891 346 862 1118 1632 520 3293 
721 1246 13 620 763 1701 1858 1528 1827 1851 683 761 527 743 1873 1165 1869 1826 1765 528 1776 2470 2029 1790 1586 1695 2329 1694 1794 1751 1896 1838 1271 1862 1748 1861 60 1760 1171 1718 2450 287 1890 1827 567 754 0 1834 1917 2375 1572 1922 841 2169 1245 873 561 1604 986 664 3778 
1166 1247 1812 1338 1294 665 260 771 351 675 1278 1296 1805 1148 364 1317 393 350 367 1393 223 1139 853 392 520 445 923 372 382 204 656 488 1272 686 349 352 1806 440 1300 317 1119 1520 680 402 1925 1304 1799 0 534 1085 508 883 1141 762 1836 1159 1948 526 1571 1779 2447 
1295 1375 1940 1466 1422 581 314 633 185 319 1407 1425 2091 1276 234 1603 137 181 284 1521 381 1239 522 241 408 298 421 394 259 565 212 80 1400 319 288 222 1934 160 1585 350 1219 1649 244 516 2053 1432 1927 505 0 625 371 1134 1270 260 2122 1288 2077 389 1857 1907 2547 
1755 1836 2401 1926 1883 1042 896 1094 764 662 1867 1885 2669 1737 810 2181 720 757 846 1982 933 1821 864 806 868 752 678 946 824 1143 483 663 1861 661 860 805 2394 736 2164 902 1801 2109 515 1068 2513 1893 2387 1083 636 0 831 1693 1730 518 2700 1748 2537 849 2435 2367 3129 
923 1004 1569 1095 1051 210 378 262 303 279 1035 1054 1981 905 364 1540 307 295 221 1150 296 1298 457 221 36 123 766 292 242 575 324 266 1029 290 234 352 1563 188 1522 264 1278 1278 318 425 1682 1061 1556 515 345 803 0 1106 899 606 2059 916 1706 36 1794 1536 2606 
1608 1689 1560 1779 1736 1158 936 1325 987 1328 1720 1738 1426 1590 987 938 1037 995 1043 1834 899 1401 1506 1068 1047 1113 1209 1048 1059 747 1287 1119 1714 1338 1026 975 1554 1116 920 993 1500 1640 1320 1078 2006 1746 1547 906 1137 1469 1090 0 1583 1181 1457 1601 1865 1058 1192 2158 2704 
186 529 829 264 221 984 1141 811 1110 1134 205 223 1241 75 1156 1879 1151 1109 1048 410 1059 1753 1312 1073 869 978 1612 976 1076 1034 1179 1121 554 1145 1031 1144 823 1043 1885 1001 1733 538 1172 1109 852 231 816 1117 1200 1657 854 1561 0 1452 1959 119 966 887 1700 705 3061 
1558 1639 2204 1729 1686 845 547 897 448 583 1670 1688 2344 1540 438 1856 401 444 548 1785 630 1351 785 505 671 561 180 646 522 805 475 344 1664 582 552 451 2198 423 1838 599 1395 1912 508 765 2317 1696 2191 758 263 516 634 1195 1533 0 2375 1551 2340 652 2110 2170 2655 
1372 1897 858 1271 1414 2096 1874 2179 1965 2265 1334 1412 724 1394 1977 691 2006 1964 1980 1179 1836 2549 2443 2005 1984 2050 2408 1986 1996 1684 2270 2102 1922 2275 1963 1966 851 2053 696 1930 2529 938 2286 2015 1304 1404 844 1843 2148 2495 2028 1447 1492 2247 0 1524 1163 1995 409 1455 3857 
262 552 908 350 307 1007 1164 834 1133 1157 291 309 1320 161 1178 1958 1174 1132 1070 489 1081 1776 1335 1096 892 1001 1634 999 1099 1056 1202 1144 577 1168 1053 1167 902 1066 1964 1024 1756 617 1195 1132 937 317 895 1140 1222 1680 877 1583 154 1474 2037 0 1045 910 1779 791 3084 
879 1362 579 778 854 1858 2016 1686 1985 2009 835 852 444 900 2030 1082 2026 1984 1922 685 1933 2628 2187 1948 1744 1853 2486 1851 1951 1908 2053 1995 1387 2019 1905 2018 525 1918 1088 1876 2607 469 2047 1984 189 845 584 1992 2074 2532 1729 1838 999 2326 1161 1030 0 1761 903 384 3936 
958 1039 1604 1130 1086 235 401 297 326 303 1070 1088 2012 940 387 1524 330 318 244 1185 319 1282 481 244 34 146 789 276 265 563 347 289 1064 313 258 376 1598 211 1507 288 1262 1312 341 409 1717 1096 1591 539 368 826 34 1090 933 629 2043 951 1740 0 1778 1571 2590 
1112 1637 598 1011 1154 1830 1608 1919 1699 1999 1074 1152 464 1134 1712 425 1740 1698 1714 919 1571 2283 2177 1740 1718 1785 2142 1720 1730 1418 2004 1836 1662 2010 1697 1700 592 1787 431 1664 2263 678 2020 1749 1044 1145 585 1577 1882 2229 1762 1181 1232 1982 414 1264 903 1729 0 1196 3591 
776 1023 662 492 515 1660 1817 1487 1786 1810 496 513 760 644 1831 1399 1827 1785 1723 681 1734 2429 1988 1749 1545 1654 2287 1652 1752 1709 1855 1797 1048 1821 1706 1820 608 1719 1404 1677 2409 565 1848 1785 186 506 666 1793 1875 2333 1530 2155 743 2127 1478 790 382 1563 1219 0 3737 
3127 3208 3773 3299 3255 2678 2389 2844 2423 2572 3239 3258 3849 3109 2422 3361 2390 2430 2525 3354 2446 1831 2775 2494 2566 2551 2295 2558 2511 2372 2465 2333 3233 2571 2507 2411 3767 2413 3344 2502 1801 3482 2497 2614 3886 3265 3760 2515 2252 2382 2610 2733 3103 2135 3880 3120 3910 2577 3615 3740 0 
# noon travel time matrix between customers (incl. depot as last customer) [int** t_travelNoon]
0 598 729 313 306 1051 1207 878 1173 1197 282 308 1141 166 1209 1779 1216 1173 1111 307 1121 1805 1371 1135 937 1046 1658 1038 1139 1095 1245 1190 623 1207 1093 1197 722 1112 1784 1064 1781 438 1238 1171 869 316 715 1177 1269 1715 922 1608 221 1502 1859 238 862 954 1599 784 3111 
361 0 918 295 199 1104 1260 931 1226 1249 235 197 1330 249 1261 1968 1269 1226 1163 496 1174 1858 1424 1188 990 1099 1711 1091 1192 1148 1298 1243 24 1260 1146 1250 911 1165 1973 1117 1834 627 1291 1224 838 189 904 1230 1322 1767 975 1661 231 1554 2048 297 1025 1007 1788 693 3164 
728 1240 0 627 773 1693 1849 1520 1815 1839 688 771 520 750 1851 1157 1858 1815 1753 536 1763 2447 2013 1777 1579 1688 2300 1680 1781 1737 1887 1832 1265 1849 1735 1839 53 1754 1163 1706 2423 293 1880 1813 553 763 10 1819 1911 2357 1564 1909 852 2144 1238 879 546 1596 978 644 3753 
300 763 622 0 146 1216 1372 1043 1338 1361 61 143 1034 211 1373 1672 1380 1338 1275 200 1285 1969 1536 1300 1101 1210 1822 1203 1303 1259 1409 1354 787 1372 1258 1361 615 1276 1677 1229 1945 331 1403 1336 633 136 608 1341 1434 1879 1087 1773 313 1666 1752 355 755 1119 1492 489 3275 
338 759 776 154 0 1212 1368 1040 1334 1358 118 2 1188 208 1370 1826 1377 1334 1272 355 1282 1966 1532 1296 1098 1207 1819 1199 1300 1256 1406 1351 784 1368 1254 1358 769 1273 1831 1226 1942 485 1399 1332 675 10 763 1338 1430 1876 1083 1769 309 1663 1906 352 863 1116 1646 531 3272 
1046 1122 1694 1217 1177 0 549 389 503 492 1156 1179 2067 1031 550 1594 506 495 401 1272 462 1369 666 400 227 330 978 380 421 659 540 485 1146 502 415 538 1687 407 1577 406 1345 1403 533 513 1802 1187 1680 683 564 1010 217 1172 1025 822 2111 1039 1827 232 1845 1658 2675 
1197 1272 1845 1368 1328 528 0 639 145 519 1307 1330 1800 1182 145 1328 197 154 224 1423 136 1026 718 217 390 321 673 240 211 318 449 281 1297 520 207 133 1838 268 1311 186 1002 1554 481 299 1953 1338 1831 257 325 877 381 906 1176 517 1845 1190 1978 400 1579 1809 2332 
852 927 1499 1022 982 361 611 0 539 506 961 985 1912 836 603 1715 542 531 450 1078 527 1490 681 449 246 355 993 500 470 780 555 500 952 517 464 591 1492 421 1698 494 1466 1208 548 633 1608 993 1486 746 579 1024 232 1293 831 837 2232 844 1633 264 1966 1463 2796 
1166 1241 1814 1337 1297 488 147 562 0 373 1276 1299 1873 1151 64 1401 51 8 126 1392 203 1055 573 90 332 233 600 216 107 391 309 142 1266 374 109 52 1807 147 1384 171 1031 1523 342 338 1922 1307 1800 330 186 752 304 979 1145 444 1918 1159 1947 322 1652 1778 2361 
1185 1260 1833 1356 1316 479 494 528 346 0 1295 1318 2207 1170 410 1735 357 338 359 1411 450 1402 253 358 306 263 726 461 379 729 167 310 1285 10 373 398 1826 314 1718 417 1378 1542 160 584 1941 1326 1819 669 312 639 270 1313 1164 570 2252 1178 1966 288 1986 1797 2708 
281 701 683 60 117 1155 1310 982 1277 1300 0 119 1095 150 1312 1732 1319 1277 1214 261 1224 1908 1475 1239 1040 1149 1761 1142 1242 1198 1348 1293 726 1311 1197 1300 676 1215 1738 1168 1884 392 1341 1275 646 127 669 1280 1373 1818 1026 1711 252 1605 1813 294 816 1058 1553 501 3214 
341 762 774 151 2 1215 1371 1042 1337 1360 120 0 1186 210 1372 1823 1379 1337 1274 352 1284 1968 1535 1299 1100 1209 1821 1202 1302 1258 1408 1353 786 1371 1257 1360 767 1275 1829 1228 1944 483 1402 1335 673 7 760 1340 1433 1878 1086 1772 312 1665 1904 354 861 1118 1644 529 3274 
1003 1515 491 902 1048 1969 1815 1796 1905 2114 963 1046 0 1025 1919 637 1947 1905 1919 811 1775 2479 2289 1942 1854 1963 2332 1923 1936 1620 2162 2045 1540 2124 1902 1907 451 1992 642 1869 2455 569 2155 1953 574 1038 478 1780 2089 2421 1840 1388 1127 2176 717 1154 434 1872 457 766 3785 
154 558 755 206 169 1011 1167 838 1133 1156 145 171 1168 0 1168 1805 1176 1133 1070 334 1080 1765 1331 1095 896 1005 1617 998 1099 1055 1205 1150 583 1167 1053 1156 748 1071 1811 1024 1741 464 1198 1131 791 179 742 1136 1229 1674 882 1568 101 1461 1885 155 889 914 1625 647 3071 
1195 1271 1843 1366 1326 517 150 622 69 442 1305 1329 1906 1180 0 1433 120 77 171 1422 232 1052 642 159 377 294 593 246 158 424 372 204 1295 443 154 13 1836 215 1416 199 1028 1552 404 366 1952 1336 1830 363 248 796 364 982 1174 437 1950 1188 1976 383 1684 1807 2358 
1290 1802 778 1189 1335 1567 1357 1736 1447 1737 1250 1333 644 1312 1461 0 1489 1447 1461 1098 1317 2021 1912 1484 1461 1528 1874 1465 1478 1162 1755 1587 1827 1747 1444 1450 771 1535 22 1411 1997 855 1767 1495 1218 1325 765 1322 1631 1963 1506 930 1414 1718 688 1441 1078 1472 422 1362 3327 
1213 1288 1860 1383 1344 525 201 574 53 378 1323 1346 1920 1198 118 1448 0 46 144 1439 250 1109 577 102 352 245 555 263 119 438 265 97 1313 379 156 106 1854 159 1430 217 1085 1569 297 384 1969 1354 1847 377 141 707 316 1026 1192 399 1965 1205 1994 334 1699 1825 2415 
1167 1242 1814 1337 1297 488 155 553 7 365 1276 1300 1874 1151 72 1401 42 0 124 1393 204 1063 564 81 332 225 598 217 98 392 308 140 1267 366 110 60 1807 139 1384 171 1039 1523 336 338 1923 1308 1801 331 184 750 295 979 1146 442 1918 1159 1948 313 1652 1778 2369 
1103 1178 1751 1274 1234 420 221 469 121 363 1213 1236 1904 1088 176 1432 151 121 0 1329 142 1167 538 45 247 140 706 153 66 422 378 218 1203 374 21 164 1744 139 1414 109 1143 1460 377 276 1859 1244 1737 361 292 821 211 1009 1082 550 1948 1096 1884 229 1682 1715 2473 
305 817 529 204 351 1271 1426 1098 1393 1416 266 348 941 327 1428 1579 1435 1393 1330 0 1340 2024 1591 1355 1156 1265 1877 1258 1358 1314 1464 1409 842 1427 1313 1416 522 1331 1584 1284 2000 238 1457 1391 669 340 516 1396 1489 1934 1142 1827 429 1721 1659 457 663 1174 1399 676 3330 
1114 1189 1762 1285 1245 435 135 547 207 452 1224 1247 1766 1099 239 1294 249 207 144 1340 0 1078 627 168 298 229 786 148 172 284 472 331 1214 462 127 227 1755 253 1277 94 1054 1471 466 178 1870 1255 1748 223 391 934 289 872 1093 630 1811 1107 1895 307 1545 1726 2384 
1773 1849 2421 1944 1904 1319 1040 1487 1074 1231 1883 1906 2458 1758 1072 1986 1041 1083 1177 1999 1094 0 1430 1140 1212 1206 944 1203 1157 1019 1118 986 1873 1232 1160 1062 2414 1065 1968 1149 174 2130 1150 1261 2529 1914 2407 1162 904 1032 1257 1388 1752 787 2502 1766 2554 1224 2236 2385 1830 
1366 1441 2013 1536 1497 660 699 708 551 252 1476 1499 2388 1350 616 1916 562 544 563 1592 655 1607 0 562 487 463 932 666 584 934 373 515 1466 263 577 604 2006 520 1898 622 1583 1722 366 789 2122 1507 2000 874 517 844 451 1494 1345 775 2433 1358 2147 469 2167 1977 2913 
1129 1204 1777 1300 1260 423 220 471 102 366 1239 1262 1935 1114 167 1462 105 95 42 1355 173 1158 541 0 250 143 661 184 21 452 333 172 1229 374 56 155 1770 94 1445 140 1134 1486 345 307 1885 1270 1763 392 247 775 214 1040 1108 505 1979 1122 1910 232 1713 1741 2464 
932 1007 1580 1103 1063 219 390 275 333 316 1042 1065 1940 917 388 1468 336 325 231 1158 306 1243 491 230 0 160 803 254 251 533 364 309 1032 326 245 376 1573 231 1451 273 1219 1289 357 387 1688 1073 1566 524 388 834 45 1046 911 647 1985 925 1713 17 1719 1544 2549 
1031 1106 1679 1202 1162 325 294 374 198 257 1141 1164 1972 1016 262 1500 201 190 119 1257 210 1243 447 118 152 0 652 221 139 490 245 159 1131 255 133 251 1672 81 1482 177 1219 1388 239 344 1787 1172 1665 429 238 715 116 1077 1010 496 2016 1024 1812 134 1750 1643 2549 
1659 1734 2306 1829 1790 980 682 1028 578 724 1769 1792 2343 1643 573 1871 534 580 675 1885 767 1382 923 633 807 700 0 781 650 828 611 479 1759 725 683 586 2299 559 1854 735 1412 2015 643 902 2415 1800 2293 899 397 647 770 1218 1638 153 2388 1651 2440 788 2122 2270 2681 
1040 1115 1687 1210 1170 361 241 530 226 471 1149 1173 1918 1024 261 1446 269 226 163 1266 154 1189 646 188 255 249 809 0 192 436 492 351 1140 482 146 250 1680 273 1429 103 1165 1396 485 193 1796 1181 1674 376 410 954 300 1024 1019 653 1963 1032 1821 266 1697 1651 2495 
1123 1198 1771 1294 1254 445 199 493 98 388 1233 1256 1915 1108 153 1443 130 98 64 1349 162 1145 562 21 272 165 686 173 0 433 358 197 1223 398 66 141 1764 119 1426 129 1121 1480 369 296 1879 1264 1757 372 271 800 235 1021 1102 529 1960 1116 1904 254 1694 1735 2451 
1077 1152 1724 1247 1207 622 321 791 411 733 1186 1210 1627 1061 426 1155 454 411 425 1303 281 1046 908 448 516 511 864 429 442 0 719 551 1177 744 408 414 1717 499 1138 376 1022 1433 747 459 1833 1218 1711 199 595 988 561 733 1056 743 1672 1069 1858 527 1406 1688 2352 
1256 1332 1904 1427 1387 551 448 599 313 178 1366 1390 2182 1241 365 1710 269 311 363 1483 454 1356 377 361 378 267 630 465 378 700 0 215 1357 179 377 353 1897 287 1693 421 1332 1613 32 588 2013 1398 1891 640 216 471 341 1286 1236 474 2227 1249 2038 360 1961 1868 2662 
1205 1281 1853 1376 1336 500 265 548 117 301 1315 1339 1983 1190 181 1511 94 109 196 1432 308 1173 500 153 327 220 493 320 170 501 203 0 1306 302 209 169 1846 79 1494 276 1149 1562 235 443 1962 1347 1840 441 79 645 290 1089 1185 337 2028 1198 1987 309 1762 1817 2479 
348 22 905 283 187 1126 1282 953 1248 1272 222 185 1318 237 1284 1955 1291 1248 1186 484 1196 1880 1446 1210 1012 1121 1733 1113 1214 1170 1320 1265 0 1282 1168 1272 898 1187 1960 1139 1856 614 1313 1246 825 177 892 1252 1344 1790 997 1683 219 1577 2035 284 1013 1029 1775 681 3186 
1192 1268 1840 1363 1323 487 490 535 343 7 1302 1326 2208 1177 407 1736 353 335 356 1419 447 1398 260 355 313 260 723 458 376 726 164 307 1292 0 369 395 1833 311 1719 414 1374 1549 157 581 1949 1333 1827 666 309 636 277 1314 1171 567 2253 1185 1973 295 1987 1804 2704 
1095 1170 1743 1266 1226 417 213 479 113 374 1205 1228 1896 1080 168 1424 155 113 23 1321 134 1159 548 56 258 151 711 146 77 414 389 228 1195 384 0 156 1736 150 1406 102 1135 1452 387 269 1851 1236 1729 353 297 831 221 1002 1074 555 1941 1088 1876 240 1675 1707 2465 
1181 1257 1829 1352 1312 503 136 608 55 429 1291 1315 1892 1166 11 1420 106 63 158 1408 218 1044 628 145 364 280 605 232 145 410 358 190 1282 429 140 0 1822 201 1402 185 1020 1538 391 352 1938 1323 1816 349 235 800 351 975 1161 448 1937 1174 1963 369 1671 1793 2350 
715 1227 53 614 761 1681 1836 1508 1803 1826 676 758 466 737 1838 1104 1845 1803 1740 523 1750 2434 2001 1765 1566 1675 2287 1668 1768 1724 1874 1819 1252 1837 1723 1826 0 1741 1109 1694 2410 281 1867 1801 499 750 57 1806 1899 2344 1552 1855 839 2131 1184 867 492 1584 924 591 3740 
1126 1202 1774 1297 1257 421 240 469 117 298 1236 1260 1957 1111 181 1484 120 109 116 1353 229 1173 497 74 248 141 571 241 91 474 258 78 1227 299 130 170 1767 0 1467 197 1149 1483 269 364 1883 1267 1761 414 157 700 211 1062 1105 415 2001 1119 1908 229 1735 1738 2479 
1283 1796 772 1183 1329 1544 1334 1713 1424 1714 1244 1327 638 1306 1439 17 1467 1424 1439 1091 1294 1999 1889 1461 1438 1506 1851 1443 1455 1140 1732 1564 1821 1725 1421 1427 765 1512 0 1389 1975 849 1745 1472 1212 1319 758 1300 1608 1940 1483 908 1408 1695 682 1435 1072 1449 416 1356 3305 
1062 1137 1709 1232 1192 383 180 510 170 415 1171 1195 1858 1046 202 1386 213 170 107 1288 96 1129 590 132 261 193 750 101 136 376 436 295 1162 426 90 190 1702 217 1368 0 1105 1418 429 231 1818 1203 1696 315 354 898 253 964 1041 594 1903 1054 1843 271 1637 1673 2435 
1747 1822 2394 1917 1877 1292 1014 1461 1048 1204 1856 1880 2431 1731 1045 1959 1014 1056 1151 1973 1067 166 1403 1113 1186 1180 917 1176 1130 992 1091 960 1847 1205 1133 1035 2387 1039 1942 1122 0 2103 1123 1235 2503 1888 2381 1136 877 1006 1231 1458 1726 761 2476 1739 2528 1197 2210 2358 1761 
434 946 291 333 479 1400 1555 1227 1522 1545 394 477 721 456 1557 1359 1564 1521 1459 242 1469 2153 1720 1483 1285 1394 2006 1386 1487 1443 1593 1538 971 1555 1442 1545 284 1460 1364 1413 2129 0 1586 1519 449 469 277 1525 1617 2063 1271 1956 558 1850 1439 585 442 1303 1179 532 3459 
1253 1329 1901 1424 1384 548 464 596 316 175 1363 1387 2183 1238 380 1710 298 308 360 1480 451 1372 374 358 374 264 659 462 375 700 29 244 1353 175 374 368 1894 284 1693 418 1348 1610 0 585 2010 1394 1888 640 245 501 338 1288 1232 503 2227 1246 2034 356 1961 1865 2678 
1162 1238 1810 1333 1293 484 295 652 345 590 1272 1295 1952 1147 377 1479 387 345 282 1388 185 1244 765 307 377 367 924 189 310 470 611 469 1262 601 265 365 1803 391 1462 232 1220 1519 604 0 1918 1303 1796 409 529 1072 422 1057 1141 768 1996 1155 1943 389 1730 1774 2550 
865 1161 570 641 660 1793 1949 1620 1915 1939 638 658 568 788 1951 1205 1958 1915 1853 673 1863 2547 2113 1877 1679 1788 2400 1780 1881 1837 1987 1932 1186 1949 1835 1939 516 1854 1211 1806 2523 456 1980 1913 0 650 574 1919 2011 2457 1664 1956 890 2244 1285 933 187 1696 1025 192 3853 
349 769 766 144 10 1223 1378 1050 1345 1368 128 7 1178 218 1380 1816 1387 1344 1282 344 1292 1976 1543 1306 1108 1217 1829 1209 1310 1266 1416 1361 794 1378 1265 1368 759 1283 1821 1236 1952 475 1409 1342 665 0 752 1348 1440 1886 1094 1779 320 1673 1896 362 853 1126 1636 521 3282 
717 1230 13 617 763 1683 1839 1510 1805 1828 678 761 526 740 1840 1164 1848 1805 1742 525 1753 2437 2003 1767 1568 1677 2289 1670 1771 1727 1877 1822 1255 1839 1725 1829 60 1744 1169 1696 2413 283 1870 1803 559 753 0 1808 1901 2346 1554 1915 842 2133 1244 869 553 1586 984 651 3743 
1159 1234 1807 1330 1290 660 264 771 354 676 1269 1292 1762 1144 368 1290 396 354 368 1385 224 1129 851 391 522 453 919 372 385 203 662 494 1259 687 351 356 1800 441 1273 318 1105 1516 690 402 1915 1300 1793 0 538 1070 513 868 1138 763 1807 1152 1940 532 1541 1771 2435 
1288 1364 1936 1459 1419 582 316 631 181 327 1398 1421 2050 1273 233 1578 137 183 278 1514 380 1224 526 235 409 302 414 393 253 568 214 82 1388 327 286 221 1929 161 1560 348 1200 1645 246 515 2044 1429 1922 507 0 617 373 1122 1267 258 2095 1281 2069 391 1829 1900 2530 
1733 1808 2381 1904 1864 1027 895 1076 759 654 1843 1866 2629 1718 804 2156 715 760 840 1959 931 1803 854 809 854 744 668 942 827 1146 476 661 1833 655 853 799 2374 736 2139 898 1779 2090 508 1065 2489 1874 2367 1086 628 0 818 1675 1712 512 2673 1726 2514 836 2407 2345 3109 
915 990 1562 1085 1046 209 378 257 306 274 1025 1048 1975 899 371 1504 309 299 217 1141 294 1279 449 216 36 123 761 290 238 569 322 267 1015 284 231 359 1555 189 1487 261 1255 1271 315 423 1671 1056 1549 513 346 792 0 1082 894 605 2021 907 1696 35 1755 1526 2585 
1596 1671 1531 1766 1726 1141 931 1310 985 1311 1705 1729 1397 1580 983 925 1036 994 1035 1822 891 1393 1486 1058 1035 1103 1203 1039 1052 737 1289 1121 1696 1321 1018 973 1525 1109 908 986 1487 1609 1321 1069 1971 1737 1518 897 1137 1456 1080 0 1575 1177 1442 1588 1831 1046 1176 2116 2692 
187 520 831 261 221 974 1129 801 1096 1119 200 224 1243 75 1131 1881 1138 1096 1033 410 1043 1727 1294 1058 859 968 1580 961 1061 1017 1167 1112 545 1130 1016 1119 824 1034 1886 987 1703 540 1160 1094 847 232 818 1099 1192 1637 845 1530 0 1424 1961 118 964 877 1701 702 3033 
1548 1623 2195 1718 1678 842 544 890 440 586 1657 1681 2304 1532 435 1832 396 442 538 1774 630 1347 785 495 669 562 176 644 512 794 473 342 1648 587 545 449 2188 421 1815 597 1378 1904 505 764 2304 1689 2182 762 259 509 632 1184 1527 0 2349 1540 2329 651 2083 2159 2646 
1358 1870 846 1257 1403 2072 1862 2151 1952 2242 1318 1401 712 1380 1966 684 1994 1952 1966 1166 1822 2526 2416 1989 1965 2033 2379 1970 1983 1667 2260 2092 1895 2252 1949 1955 839 2039 690 1916 2502 924 2272 2000 1286 1393 833 1827 2136 2468 2011 1435 1482 2223 0 1509 1146 1977 403 1430 3832 
260 543 908 347 307 996 1152 823 1118 1141 286 309 1321 161 1153 1958 1160 1118 1055 487 1065 1749 1316 1080 881 990 1602 983 1083 1039 1189 1134 567 1152 1038 1141 901 1056 1957 1009 1725 617 1183 1116 932 317 895 1121 1214 1659 867 1553 155 1446 2038 0 1042 899 1778 788 3055 
873 1347 578 773 846 1839 1995 1666 1961 1984 824 844 441 896 1996 1079 2003 1961 1898 681 1908 2592 2159 1923 1724 1833 2445 1826 1926 1882 2032 1977 1372 1995 1881 1984 524 1899 1084 1852 2568 464 2026 1959 185 836 582 1964 2057 2502 1710 1830 997 2289 1159 1025 0 1742 899 377 3898 
950 1026 1598 1121 1081 233 402 293 331 298 1060 1083 1960 935 395 1488 333 323 242 1176 318 1263 473 241 33 147 785 274 262 553 346 291 1050 309 255 383 1591 213 1471 286 1239 1307 339 407 1706 1091 1584 537 371 816 35 1066 929 629 2005 943 1731 0 1739 1562 2569 
1103 1615 591 1002 1148 1811 1601 1896 1691 1981 1063 1146 457 1125 1705 423 1733 1691 1705 911 1561 2265 2156 1728 1705 1772 2118 1709 1722 1406 1999 1831 1640 1991 1688 1694 584 1779 429 1655 2241 668 2011 1739 1031 1138 578 1566 1875 2207 1750 1174 1227 1962 414 1254 891 1716 0 1175 3571 
773 1015 657 495 514 1647 1802 1474 1769 1792 491 511 753 642 1804 1390 1811 1768 1706 683 1716 2400 1967 1730 1532 1641 2253 1633 1734 1690 1840 1785 1039 1802 1689 1792 603 1707 1396 1660 2376 557 1833 1766 185 503 661 1772 1864 2310 1518 2141 744 2097 1470 786 372 1550 1210 0 3706 
3107 3183 3755 3278 3238 2653 2374 2821 2408 2565 3217 3241 3792 3092 2406 3320 2375 2417 2511 3334 2428 1817 2764 2474 2546 2541 2278 2537 2491 2353 2452 2320 3207 2566 2494 2396 3748 2400 3302 2483 1783 3464 2484 2596 3864 3248 3742 2496 2238 2366 2592 2699 3086 2122 3837 3100 3888 2558 3571 3719 0 
# afternoon/PM travel time matrix between customers (incl. depot as last customer) [int** t_travelPM]
0 602 737 317 305 1052 1218 879 1179 1197 284 307 1155 168 1220 1795 1223 1180 1117 313 1127 1808 1372 1140 937 1044 1662 1043 1148 1101 1244 1187 627 1208 1100 1208 730 1110 1800 1069 1785 444 1237 1176 876 315 723 1183 1266 1714 923 1614 224 1507 1873 239 871 955 1613 788 3124 
364 0 918 292 199 1104 1269 930 1231 1248 232 197 1337 251 1271 1976 1274 1231 1168 495 1179 1860 1423 1191 989 1095 1713 1094 1199 1152 1296 1239 25 1259 1151 1259 912 1161 1982 1121 1836 626 1289 1227 849 189 905 1234 1317 1766 974 1665 232 1558 2054 299 1037 1006 1795 704 3175 
728 1245 0 629 786 1694 1860 1521 1822 1839 690 784 525 751 1862 1165 1865 1822 1759 538 1770 2451 2014 1782 1579 1686 2304 1685 1790 1743 1887 1830 1270 1850 1742 1850 53 1752 1170 1712 2427 295 1880 1818 552 776 10 1825 1908 2357 1565 1917 857 2149 1243 879 547 1597 983 649 3766 
299 764 626 0 157 1214 1380 1041 1341 1359 60 155 1044 210 1382 1684 1385 1342 1279 203 1289 1970 1534 1302 1099 1206 1824 1205 1310 1263 1406 1349 789 1370 1262 1370 619 1272 1689 1231 1947 334 1399 1338 633 147 612 1345 1428 1876 1085 1776 315 1669 1762 354 760 1117 1502 489 3286 
338 761 790 163 0 1211 1376 1037 1338 1355 117 2 1208 206 1378 1848 1381 1338 1275 367 1286 1967 1530 1298 1096 1202 1820 1201 1306 1259 1403 1346 786 1366 1258 1366 783 1268 1853 1228 1943 497 1396 1334 686 10 776 1341 1424 1873 1081 1772 312 1665 1926 351 874 1113 1666 542 3282 
1050 1126 1705 1217 1180 0 554 388 502 491 1157 1183 2065 1035 556 1594 505 495 402 1282 464 1368 666 401 226 330 974 379 423 661 538 481 1152 501 416 545 1698 404 1576 406 1345 1412 531 512 1816 1191 1691 688 559 1008 216 1174 1032 819 2109 1043 1839 231 1844 1671 2684 
1203 1279 1857 1370 1333 530 0 644 143 526 1309 1335 1800 1187 143 1330 195 152 222 1434 139 1027 720 218 393 321 675 241 211 320 451 285 1304 527 205 131 1850 269 1312 187 1004 1565 483 303 1968 1343 1843 260 327 878 387 910 1184 520 1845 1195 1991 404 1580 1824 2342 
857 933 1511 1024 987 362 616 0 537 507 963 989 1929 841 602 1714 540 529 450 1088 529 1489 682 449 247 353 989 500 471 781 554 497 958 517 464 590 1504 420 1697 497 1465 1219 547 633 1622 997 1498 751 575 1024 232 1294 838 835 2230 850 1645 264 1964 1478 2804 
1171 1247 1825 1338 1301 488 145 563 0 382 1278 1303 1871 1155 64 1401 51 8 125 1402 204 1055 582 90 334 236 604 216 109 391 313 147 1272 383 108 53 1818 148 1383 172 1032 1533 345 338 1936 1311 1812 331 190 758 306 981 1153 449 1916 1164 1960 324 1651 1792 2371 
1192 1268 1846 1359 1322 481 500 529 354 0 1298 1324 2210 1176 419 1739 365 347 360 1423 449 1410 253 359 308 262 729 461 380 731 169 316 1293 10 373 407 1839 322 1722 417 1387 1554 162 583 1957 1332 1833 670 315 644 272 1319 1173 574 2255 1185 1980 290 1989 1813 2725 
281 703 686 60 115 1153 1319 980 1280 1298 0 118 1104 149 1321 1744 1324 1281 1218 263 1229 1910 1473 1241 1038 1145 1763 1144 1249 1202 1345 1289 729 1309 1201 1309 679 1211 1750 1171 1886 394 1339 1277 658 126 673 1284 1367 1815 1024 1715 255 1608 1822 293 820 1056 1563 514 3225 
340 763 787 161 2 1213 1378 1039 1340 1358 119 0 1206 209 1381 1845 1383 1340 1277 364 1288 1969 1533 1300 1098 1204 1822 1204 1308 1261 1405 1348 788 1368 1260 1369 781 1271 1851 1230 1946 495 1398 1337 684 7 774 1344 1426 1875 1083 1775 314 1668 1923 353 872 1116 1664 539 3284 
1001 1517 491 901 1059 1967 1820 1793 1908 2112 962 1057 0 1024 1922 639 1951 1908 1922 810 1777 2479 2287 1948 1852 1959 2332 1926 1941 1621 2159 2053 1542 2123 1905 1911 451 1999 645 1872 2456 568 2152 1955 573 1049 478 1784 2096 2420 1837 1391 1130 2178 717 1152 434 1870 458 765 3794 
155 563 762 206 166 1013 1178 839 1140 1158 146 168 1180 0 1181 1820 1183 1140 1078 339 1088 1769 1333 1100 898 1005 1623 1004 1109 1062 1205 1148 588 1169 1060 1169 755 1071 1826 1030 1746 470 1198 1137 804 176 749 1144 1227 1675 884 1575 105 1468 1898 158 896 916 1639 660 3085 
1205 1281 1859 1372 1335 522 147 623 68 451 1312 1338 1906 1190 0 1436 120 77 171 1436 236 1052 651 159 380 295 594 250 160 427 376 210 1306 452 154 13 1853 217 1418 204 1028 1567 408 370 1971 1345 1846 366 252 797 365 981 1187 439 1951 1198 1994 384 1686 1826 2367 
1286 1803 777 1187 1344 1566 1361 1736 1448 1736 1248 1342 643 1309 1463 0 1492 1449 1463 1096 1318 2020 1911 1488 1460 1528 1873 1467 1482 1162 1760 1594 1828 1747 1446 1451 770 1539 22 1413 1997 853 1763 1496 1216 1334 763 1324 1637 1961 1506 932 1415 1718 688 1437 1078 1472 423 1366 3335 
1219 1295 1873 1386 1349 528 200 576 55 384 1326 1351 1919 1203 119 1449 0 47 147 1450 252 1110 584 103 355 249 559 264 121 439 268 102 1320 385 156 108 1866 161 1431 220 1087 1581 300 386 1984 1359 1860 379 144 713 319 1029 1201 404 1964 1212 2008 337 1699 1840 2426 
1171 1248 1826 1339 1302 489 153 554 7 373 1278 1304 1872 1156 72 1401 43 0 125 1403 205 1063 573 82 334 227 602 217 100 392 311 145 1273 374 108 60 1819 139 1384 172 1040 1533 343 339 1937 1312 1812 331 187 756 297 981 1153 447 1917 1164 1960 315 1651 1793 2378 
1109 1185 1764 1276 1239 421 221 469 121 365 1216 1242 1905 1094 176 1434 149 121 0 1340 143 1167 540 45 248 141 708 155 67 425 375 216 1210 376 21 164 1757 138 1417 111 1143 1471 377 277 1875 1250 1750 364 294 820 212 1014 1091 554 1950 1102 1898 230 1684 1730 2482 
304 821 532 205 363 1271 1436 1097 1398 1416 266 360 950 328 1438 1590 1441 1398 1335 0 1346 2027 1591 1358 1156 1262 1880 1261 1366 1319 1463 1406 846 1426 1318 1427 525 1329 1595 1288 2004 240 1456 1394 671 353 519 1402 1484 1933 1141 1833 433 1725 1668 455 666 1174 1409 676 3342 
1120 1196 1774 1287 1250 437 139 552 207 453 1227 1253 1764 1105 241 1293 251 208 145 1351 0 1078 628 170 301 229 793 149 176 284 471 334 1221 463 128 229 1768 256 1276 95 1054 1482 464 178 1886 1260 1761 224 396 938 294 874 1102 638 1809 1113 1909 312 1544 1741 2393 
1777 1853 2431 1944 1907 1319 1041 1488 1075 1232 1883 1909 2456 1761 1073 1985 1045 1084 1177 2008 1095 0 1432 1149 1213 1212 945 1208 1166 1020 1116 988 1878 1233 1160 1063 2424 1076 1968 1154 174 2139 1148 1266 2542 1917 2417 1165 904 1032 1259 1392 1758 790 2501 1769 2565 1224 2236 2398 1840 
1372 1448 2026 1539 1502 661 705 709 559 252 1479 1504 2390 1356 624 1919 571 552 564 1603 653 1615 0 563 488 463 934 665 584 935 374 521 1473 263 577 613 2019 526 1902 621 1592 1734 367 787 2137 1512 2013 874 520 849 452 1499 1353 779 2435 1365 2160 470 2169 1993 2931 
1135 1211 1790 1302 1265 425 220 472 101 369 1242 1268 1934 1120 166 1463 104 93 43 1366 172 1157 544 0 252 145 663 184 21 454 329 170 1236 372 57 154 1783 93 1446 140 1133 1497 343 306 1901 1276 1776 393 249 775 215 1043 1117 508 1979 1128 1924 233 1713 1756 2472 
938 1014 1592 1105 1068 220 395 275 332 317 1045 1070 1938 922 393 1467 335 324 231 1169 309 1242 492 230 0 160 800 253 252 534 364 307 1039 328 245 381 1585 230 1450 276 1218 1300 357 386 1703 1078 1579 530 386 834 45 1047 919 645 1983 931 1726 17 1717 1559 2557 
1036 1112 1690 1203 1166 326 295 373 198 253 1143 1168 1970 1020 263 1499 201 191 118 1267 208 1243 448 117 152 0 651 220 139 490 242 158 1137 254 132 251 1683 81 1482 176 1220 1398 235 342 1801 1176 1677 429 237 712 116 1079 1017 496 2015 1029 1824 134 1749 1657 2558 
1661 1737 2315 1828 1791 990 686 1038 583 726 1768 1793 2340 1645 576 1870 538 586 685 1892 777 1380 926 642 817 706 0 791 660 828 610 481 1762 727 688 590 2308 569 1852 745 1412 2023 642 911 2426 1801 2302 908 398 647 780 1215 1642 153 2385 1654 2449 799 2120 2282 2692 
1045 1122 1700 1213 1176 363 245 532 227 473 1152 1178 1920 1030 268 1449 270 227 165 1277 155 1193 648 190 257 249 816 0 196 440 491 354 1147 483 147 256 1693 276 1432 103 1170 1407 484 193 1811 1186 1686 379 415 958 303 1029 1027 662 1965 1038 1834 268 1699 1667 2509 
1130 1206 1784 1297 1260 446 199 494 98 391 1236 1262 1915 1114 153 1444 129 98 65 1361 163 1144 566 21 273 167 688 175 0 435 354 195 1231 396 66 141 1777 118 1427 131 1120 1492 367 298 1895 1270 1770 374 273 799 237 1024 1111 533 1960 1122 1918 255 1694 1751 2459 
1080 1156 1735 1247 1210 623 327 792 414 737 1187 1213 1625 1065 429 1154 458 415 429 1312 284 1046 912 454 517 513 872 433 448 0 726 560 1182 748 412 417 1728 505 1137 379 1023 1442 748 462 1846 1221 1721 200 602 987 562 735 1062 744 1670 1073 1869 528 1405 1701 2361 
1265 1341 1919 1432 1395 554 452 602 318 179 1371 1397 2187 1249 371 1716 274 319 364 1496 453 1362 378 363 381 266 629 465 381 707 0 216 1366 180 378 359 1912 295 1699 421 1338 1627 32 588 2030 1405 1906 646 215 474 345 1286 1246 475 2232 1258 2053 363 1966 1886 2677 
1219 1295 1873 1386 1349 508 271 556 125 310 1325 1351 1990 1203 190 1519 96 118 207 1450 314 1181 510 163 335 228 492 326 181 510 201 0 1320 311 220 179 1866 87 1502 282 1158 1581 233 448 1984 1359 1860 450 78 646 299 1100 1200 337 2035 1212 2007 317 1770 1840 2497 
351 22 906 279 186 1126 1291 952 1253 1271 219 184 1324 238 1293 1964 1296 1253 1190 482 1201 1882 1446 1213 1011 1117 1735 1116 1221 1174 1318 1261 0 1281 1173 1282 899 1184 1969 1143 1859 613 1311 1249 836 176 892 1257 1339 1788 996 1688 219 1580 2042 286 1024 1029 1782 691 3197 
1199 1275 1853 1366 1329 489 497 536 351 7 1306 1331 2207 1183 416 1737 362 343 356 1430 446 1407 261 355 315 258 726 457 377 727 165 313 1300 0 370 404 1846 319 1719 413 1383 1561 159 580 1964 1339 1840 667 311 640 279 1317 1181 571 2252 1192 1988 297 1987 1820 2722 
1101 1177 1756 1268 1231 419 214 480 113 376 1208 1234 1897 1086 168 1426 156 113 23 1333 135 1159 551 55 259 152 715 147 77 417 385 226 1203 387 0 156 1749 149 1409 103 1135 1463 387 269 1867 1242 1742 356 301 831 222 1006 1083 560 1942 1094 1890 241 1676 1722 2474 
1191 1267 1846 1358 1321 509 134 609 55 437 1298 1324 1893 1176 11 1422 107 64 157 1422 222 1044 637 146 366 281 606 237 146 413 362 196 1292 438 140 0 1839 203 1405 190 1020 1553 394 356 1957 1332 1832 352 239 807 352 973 1173 451 1938 1184 1980 370 1672 1812 2359 
715 1232 53 616 773 1681 1847 1508 1809 1826 677 771 471 738 1849 1111 1852 1809 1746 525 1757 2438 2001 1769 1566 1673 2291 1672 1777 1730 1874 1817 1257 1837 1729 1837 0 1739 1117 1699 2414 282 1867 1805 498 763 57 1812 1895 2344 1552 1863 844 2136 1189 866 493 1584 930 595 3753 
1131 1207 1785 1298 1261 420 240 468 117 298 1238 1263 1956 1115 182 1485 120 109 119 1362 226 1172 497 75 247 140 569 238 93 476 256 77 1232 298 132 170 1778 0 1468 194 1149 1493 269 360 1896 1271 1772 415 155 701 211 1065 1112 415 2001 1124 1919 229 1735 1752 2488 
1280 1796 771 1181 1338 1544 1339 1713 1426 1714 1242 1336 637 1303 1440 17 1469 1426 1440 1090 1295 1997 1889 1466 1438 1505 1851 1444 1459 1139 1737 1572 1822 1724 1423 1429 764 1517 0 1390 1974 847 1740 1473 1210 1328 757 1302 1614 1938 1483 909 1409 1696 682 1431 1072 1449 417 1360 3313 
1067 1143 1721 1234 1197 384 183 514 170 416 1174 1199 1858 1051 208 1387 213 170 108 1298 96 1131 591 133 264 192 756 101 139 378 434 297 1168 426 90 196 1714 219 1370 0 1108 1429 427 230 1832 1207 1708 317 358 901 257 967 1048 601 1903 1060 1855 275 1637 1688 2446 
1750 1827 2405 1918 1881 1293 1015 1462 1049 1206 1857 1883 2430 1735 1046 1959 1019 1058 1151 1982 1069 167 1406 1123 1187 1186 918 1181 1140 994 1090 962 1852 1207 1134 1037 2398 1050 1942 1128 0 2112 1122 1240 2516 1891 2391 1139 878 1006 1233 1457 1732 764 2475 1743 2539 1198 2209 2372 1766 
432 949 292 333 490 1399 1564 1225 1526 1543 394 488 728 456 1566 1368 1569 1526 1463 242 1474 2155 1718 1486 1284 1390 2008 1389 1494 1447 1591 1534 974 1554 1446 1554 285 1456 1373 1416 2131 0 1584 1522 449 480 278 1529 1612 2061 1269 1960 561 1853 1446 583 444 1301 1187 538 3470 
1261 1338 1916 1429 1392 551 469 599 323 176 1368 1394 2188 1246 388 1717 303 316 361 1493 450 1379 375 360 378 263 659 462 378 708 29 246 1363 176 374 376 1909 292 1700 418 1356 1623 0 584 2027 1402 1902 647 244 504 341 1297 1243 504 2233 1254 2050 360 1967 1883 2694 
1168 1244 1822 1335 1298 485 298 655 345 591 1275 1301 1950 1153 382 1479 388 345 283 1399 185 1246 766 308 379 367 931 189 313 470 609 471 1269 601 265 370 1816 394 1461 232 1223 1530 602 0 1934 1308 1809 409 533 1076 425 1059 1150 776 1994 1161 1957 391 1729 1789 2562 
864 1165 571 643 661 1793 1958 1619 1920 1938 639 659 571 789 1961 1211 1963 1920 1858 674 1868 2549 2113 1880 1678 1785 2403 1784 1888 1842 1985 1928 1190 1949 1840 1949 517 1851 1216 1810 2526 456 1978 1917 0 651 575 1924 2007 2455 1663 1963 894 2248 1289 933 188 1696 1029 192 3865 
348 771 779 153 10 1221 1386 1047 1348 1365 127 7 1198 216 1388 1838 1391 1348 1285 356 1296 1977 1540 1308 1106 1212 1830 1211 1316 1269 1413 1356 796 1376 1268 1376 773 1278 1843 1238 1953 487 1406 1344 676 0 766 1351 1434 1883 1091 1782 322 1675 1915 361 864 1123 1656 531 3292 
718 1234 13 619 776 1684 1850 1511 1811 1829 679 774 532 741 1852 1172 1855 1812 1749 528 1759 2440 2004 1772 1569 1676 2294 1675 1780 1733 1876 1819 1259 1840 1732 1840 60 1742 1177 1701 2417 285 1869 1808 558 766 0 1815 1898 2346 1555 1924 847 2139 1250 869 554 1587 990 656 3756 
1162 1238 1816 1329 1292 662 268 776 355 678 1269 1294 1760 1146 370 1289 398 355 370 1393 224 1127 853 395 526 454 921 373 388 205 666 501 1263 688 352 358 1809 446 1271 319 1104 1524 689 403 1927 1302 1803 0 543 1068 519 869 1143 767 1804 1155 1950 537 1539 1783 2443 
1302 1378 1956 1469 1432 591 318 639 185 328 1409 1435 2053 1287 237 1583 140 188 287 1533 386 1228 527 244 418 308 414 398 262 573 211 83 1403 328 290 226 1950 171 1565 354 1205 1664 244 520 2068 1443 1943 513 0 616 382 1119 1284 259 2098 1295 2091 400 1833 1923 2544 
1741 1817 2396 1908 1871 1031 898 1079 765 655 1848 1874 2633 1726 809 2162 720 767 840 1973 930 1808 855 811 858 743 671 942 829 1153 476 663 1843 656 854 805 2389 743 2145 898 1785 2103 508 1064 2507 1882 2382 1093 631 0 821 1676 1723 516 2678 1734 2530 840 2413 2362 3123 
920 996 1574 1087 1050 209 384 257 304 274 1026 1052 1974 904 369 1503 307 297 217 1151 297 1278 449 216 36 121 757 289 238 570 321 264 1021 285 231 357 1567 187 1486 265 1255 1282 314 422 1685 1060 1560 518 343 791 0 1084 901 602 2019 912 1708 35 1754 1541 2593 
1600 1676 1530 1767 1730 1142 937 1311 983 1312 1706 1732 1397 1584 981 926 1035 992 1039 1831 893 1404 1487 1064 1036 1103 1206 1043 1057 737 1290 1124 1701 1323 1022 971 1524 1115 909 989 1488 1607 1322 1072 1970 1740 1517 900 1136 1452 1082 0 1581 1180 1442 1592 1832 1047 1176 2119 2716 
188 524 838 258 221 974 1139 800 1101 1119 197 223 1256 75 1141 1896 1144 1101 1038 414 1049 1730 1294 1061 859 965 1583 964 1069 1022 1166 1109 549 1129 1021 1130 831 1032 1901 991 1707 545 1159 1097 856 231 824 1105 1187 1636 844 1536 0 1428 1974 119 972 877 1714 712 3045 
1564 1640 2218 1731 1694 853 549 901 446 589 1670 1696 2306 1548 439 1835 402 449 549 1795 640 1346 789 505 680 569 177 654 523 794 473 344 1665 590 551 453 2211 432 1818 608 1378 1926 505 774 2329 1704 2204 771 261 510 644 1181 1545 0 2351 1556 2352 662 2086 2185 2658 
1352 1869 843 1253 1411 2071 1866 2145 1953 2241 1314 1408 710 1376 1968 685 1996 1953 1968 1162 1822 2524 2416 1993 1965 2032 2378 1971 1986 1666 2264 2099 1894 2251 1950 1956 836 2044 690 1917 2501 920 2267 2001 1283 1401 830 1829 2141 2465 2010 1437 1481 2223 0 1504 1144 1976 402 1432 3840 
261 546 915 343 306 995 1161 822 1123 1140 283 309 1333 161 1163 1973 1166 1123 1060 492 1071 1752 1315 1083 880 987 1605 986 1091 1044 1188 1131 571 1151 1043 1151 908 1053 1960 1013 1728 623 1181 1119 942 317 901 1126 1209 1658 866 1557 158 1450 2051 0 1049 898 1791 797 3067 
872 1350 579 773 846 1839 2004 1665 1966 1984 824 844 444 896 2006 1084 2009 1966 1903 682 1914 2595 2159 1926 1724 1830 2448 1829 1934 1887 2031 1974 1375 1994 1886 1995 525 1897 1090 1856 2572 464 2024 1962 184 836 583 1970 2052 2501 1709 1836 1001 2293 1162 1023 0 1741 903 376 3910 
956 1032 1610 1123 1086 234 409 293 329 299 1063 1089 1958 941 394 1487 333 322 243 1187 322 1262 474 242 33 146 782 273 264 554 347 290 1057 310 257 383 1604 212 1470 290 1238 1318 340 406 1722 1096 1597 543 368 817 36 1067 938 627 2003 949 1745 0 1737 1577 2577 
1098 1614 588 998 1156 1810 1605 1890 1692 1980 1059 1153 455 1121 1707 424 1735 1692 1707 907 1562 2264 2155 1732 1704 1771 2117 1711 1726 1405 2004 1838 1639 1991 1690 1695 582 1783 429 1657 2240 665 2007 1740 1028 1146 575 1568 1880 2204 1750 1176 1226 1962 413 1249 890 1715 0 1177 3579 
774 1019 659 496 514 1646 1812 1473 1774 1791 493 512 756 642 1814 1396 1817 1774 1711 687 1722 2403 1966 1734 1531 1638 2256 1637 1742 1695 1839 1782 1044 1802 1694 1802 605 1704 1401 1664 2379 558 1832 1770 184 504 662 1777 1860 2309 1517 2148 748 2101 1474 787 372 1549 1214 0 3718 
3120 3196 3774 3287 3250 2662 2384 2832 2418 2576 3227 3253 3800 3105 2416 3329 2388 2427 2521 3351 2439 1827 2776 2492 2556 2556 2288 2551 2510 2364 2460 2331 3221 2577 2503 2406 3768 2419 3311 2497 1793 3482 2492 2609 3886 3260 3761 2509 2248 2375 2602 2720 3102 2133 3844 3113 3909 2568 3579 3741 0 
# average travel time matrix between customers (incl. depot as last customer) [int** t_travel]
0 604 732 315 306 1056 1216 883 1181 1203 286 308 1146 168 1222 1785 1224 1181 1119 310 1130 1816 1379 1143 942 1050 1671 1047 1149 1104 1250 1193 629 1214 1102 1210 725 1116 1790 1072 1794 440 1243 1180 873 316 718 1186 1272 1723 927 1622 221 1514 1864 239 866 959 1604 786 3126 
363 0 918 295 199 1111 1271 938 1236 1258 235 196 1333 251 1277 1971 1279 1236 1174 497 1185 1871 1434 1198 997 1105 1726 1101 1203 1159 1305 1248 25 1269 1157 1265 912 1170 1977 1127 1848 627 1298 1234 840 189 905 1241 1327 1778 982 1676 233 1569 2050 300 1030 1014 1791 695 3181 
729 1247 0 629 778 1700 1859 1527 1825 1847 691 776 522 752 1866 1161 1868 1825 1763 538 1773 2460 2023 1787 1585 1693 2315 1690 1792 1747 1894 1837 1272 1857 1745 1854 54 1759 1166 1716 2437 295 1887 1823 555 768 10 1830 1916 2367 1571 1914 854 2158 1240 881 549 1603 980 651 3770 
300 766 623 0 149 1219 1379 1046 1344 1366 61 146 1037 211 1384 1676 1386 1344 1282 202 1292 1978 1542 1306 1104 1212 1834 1209 1311 1266 1412 1356 791 1377 1264 1373 616 1278 1681 1235 1956 331 1406 1342 634 139 609 1349 1435 1885 1090 1784 313 1676 1755 355 757 1122 1495 489 3288 
333 757 780 156 0 1210 1369 1037 1335 1357 116 2 1194 202 1376 1832 1377 1335 1273 358 1283 1970 1532 1297 1095 1203 1825 1200 1302 1257 1404 1347 782 1367 1255 1364 773 1269 1838 1226 1947 488 1397 1333 679 10 766 1340 1425 1876 1080 1775 304 1667 1911 347 870 1113 1652 535 3279 
1052 1130 1702 1222 1182 0 549 392 503 495 1162 1184 2082 1036 553 1605 507 496 401 1280 463 1374 671 400 226 329 979 379 422 662 542 484 1155 506 415 542 1695 406 1588 405 1352 1410 535 512 1812 1192 1688 684 562 1015 219 1180 1031 822 2122 1045 1836 231 1857 1667 2684 
1200 1277 1849 1370 1330 529 0 640 144 520 1310 1332 1813 1184 144 1336 195 152 223 1428 136 1031 718 218 389 317 677 239 211 317 448 280 1302 520 206 132 1843 268 1319 185 1009 1558 480 299 1960 1340 1836 257 324 881 380 911 1179 520 1853 1193 1984 398 1588 1815 2341 
856 934 1505 1026 986 363 614 0 538 510 965 988 1920 840 602 1728 542 530 452 1084 529 1497 686 452 248 356 995 502 473 785 556 500 959 520 466 590 1498 422 1711 497 1474 1214 550 635 1616 996 1492 750 578 1029 233 1302 835 838 2245 849 1640 265 1979 1471 2807 
1171 1248 1820 1340 1300 490 145 565 0 376 1280 1302 1886 1154 63 1409 51 8 126 1398 204 1059 577 91 332 235 603 216 109 389 310 143 1273 376 109 52 1813 148 1391 172 1037 1528 342 338 1930 1310 1806 329 187 757 306 983 1149 446 1926 1164 1955 324 1660 1786 2369 
1192 1269 1841 1362 1321 482 493 531 348 0 1301 1324 2222 1175 411 1744 359 340 359 1420 449 1407 254 359 309 263 730 460 380 727 168 312 1294 10 373 399 1834 317 1727 416 1385 1550 161 583 1952 1331 1828 667 313 645 272 1319 1170 573 2262 1185 1976 290 1996 1807 2717 
281 704 683 60 116 1157 1317 984 1282 1304 0 118 1097 149 1323 1735 1325 1282 1220 262 1231 1917 1480 1244 1042 1151 1772 1147 1249 1205 1351 1294 730 1315 1203 1311 676 1216 1741 1173 1894 392 1344 1280 650 125 670 1287 1373 1823 1028 1722 251 1615 1815 294 818 1060 1556 505 3227 
335 760 777 154 2 1212 1372 1039 1337 1359 118 0 1191 204 1378 1829 1380 1337 1275 356 1285 1972 1535 1299 1097 1205 1827 1203 1304 1259 1406 1349 784 1370 1258 1366 771 1271 1835 1228 1949 486 1399 1336 677 7 764 1342 1428 1879 1083 1778 306 1670 1909 349 868 1115 1650 532 3281 
1005 1522 492 904 1053 1975 1819 1802 1909 2122 966 1051 0 1027 1922 638 1951 1908 1923 812 1779 2485 2298 1948 1860 1969 2340 1928 1940 1624 2169 2049 1547 2133 1906 1911 454 1997 644 1873 2463 571 2162 1957 576 1043 479 1785 2094 2428 1846 1391 1129 2183 717 1156 436 1878 458 769 3795 
155 562 757 208 167 1015 1174 841 1140 1162 148 169 1172 0 1180 1810 1182 1139 1077 336 1088 1774 1337 1101 900 1008 1629 1005 1107 1062 1208 1152 587 1172 1060 1168 751 1074 1816 1030 1752 466 1202 1138 798 177 744 1145 1231 1681 886 1580 102 1472 1889 156 892 918 1630 653 3084 
1201 1279 1850 1371 1331 521 148 623 68 444 1311 1334 1919 1185 0 1441 119 77 171 1429 233 1057 645 160 377 293 596 247 158 423 372 205 1303 445 153 13 1844 215 1424 200 1034 1559 404 367 1962 1341 1837 362 249 799 364 986 1180 439 1958 1194 1985 382 1693 1816 2366 
1295 1813 783 1194 1343 1574 1361 1742 1451 1743 1256 1341 649 1317 1465 0 1493 1451 1466 1103 1321 2028 1919 1490 1466 1533 1882 1470 1483 1167 1759 1592 1838 1754 1448 1453 776 1540 23 1416 2005 861 1769 1499 1225 1333 770 1327 1636 1971 1511 934 1419 1725 689 1446 1085 1477 424 1373 3337 
1217 1294 1866 1386 1347 528 198 577 53 378 1327 1349 1932 1200 117 1455 0 46 146 1445 250 1112 578 103 355 247 559 263 121 436 266 98 1319 378 155 105 1859 160 1437 218 1090 1574 298 384 1977 1356 1853 376 142 712 318 1030 1196 402 1972 1210 2001 336 1707 1832 2422 
1171 1249 1820 1341 1301 491 152 557 7 368 1280 1303 1886 1155 71 1409 43 0 125 1399 204 1067 568 83 332 227 602 217 100 390 308 141 1274 368 109 59 1814 140 1392 172 1044 1528 338 339 1931 1311 1807 330 185 755 298 984 1150 445 1926 1164 1955 316 1661 1786 2377 
1108 1185 1758 1278 1238 421 221 471 121 366 1218 1240 1919 1092 174 1442 152 121 0 1336 142 1170 542 46 248 140 711 154 67 423 378 219 1210 377 21 163 1751 141 1424 110 1147 1466 376 277 1868 1248 1744 362 295 824 212 1016 1087 555 1959 1101 1892 230 1693 1723 2480 
306 824 530 206 355 1277 1436 1104 1402 1424 268 352 944 328 1442 1583 1444 1402 1339 0 1350 2036 1600 1364 1162 1270 1891 1267 1368 1324 1470 1414 849 1434 1322 1430 523 1336 1588 1293 2014 239 1463 1400 671 345 517 1407 1492 1943 1147 1842 430 1734 1662 457 665 1180 1403 677 3346 
1119 1196 1768 1289 1249 438 136 549 207 452 1229 1251 1780 1103 239 1303 249 207 144 1347 0 1083 628 169 299 227 792 149 174 284 469 332 1221 463 127 227 1762 254 1286 94 1060 1477 463 178 1879 1259 1755 224 392 937 290 878 1098 635 1820 1112 1903 308 1555 1734 2392 
1779 1857 2429 1949 1909 1325 1043 1493 1077 1232 1889 1911 2475 1763 1076 1998 1046 1086 1180 2007 1098 0 1432 1148 1217 1210 948 1210 1165 1024 1120 989 1882 1232 1163 1066 2422 1071 1980 1155 176 2137 1152 1267 2539 1919 2415 1167 907 1036 1262 1397 1758 791 2515 1772 2563 1229 2249 2394 1837 
1374 1451 2023 1543 1504 664 699 713 554 254 1484 1506 2406 1357 618 1931 566 547 563 1602 653 1614 0 563 491 465 937 665 584 933 375 519 1476 265 577 607 2016 523 1914 621 1591 1731 368 787 2134 1513 2010 873 520 851 454 1506 1352 779 2449 1367 2158 472 2183 1989 2924 
1134 1212 1784 1304 1264 425 219 474 103 368 1244 1266 1948 1118 167 1471 107 96 43 1362 172 1163 545 0 251 143 666 184 21 452 332 173 1237 372 57 155 1777 96 1454 140 1140 1492 343 306 1894 1274 1770 392 250 779 215 1045 1113 509 1988 1127 1918 233 1723 1749 2473 
937 1014 1586 1106 1066 220 392 276 334 318 1046 1068 1957 920 389 1480 338 327 232 1165 308 1249 494 231 0 160 804 254 252 537 365 308 1039 329 246 377 1579 230 1463 275 1226 1294 358 387 1697 1076 1573 527 387 838 45 1054 915 647 1997 930 1720 17 1731 1552 2559 
1036 1113 1685 1206 1165 326 292 375 197 256 1146 1168 1984 1019 260 1507 200 189 118 1264 207 1246 450 117 152 0 654 219 139 488 243 158 1138 253 132 249 1678 81 1489 175 1224 1394 237 342 1796 1175 1672 427 237 716 116 1081 1014 497 2024 1029 1820 134 1758 1651 2556 
1665 1742 2314 1834 1795 986 686 1035 584 725 1775 1797 2360 1648 576 1883 538 584 683 1893 772 1384 926 641 812 703 0 787 658 833 613 482 1767 726 688 590 2307 565 1866 740 1419 2022 645 907 2425 1805 2301 902 400 651 776 1222 1643 155 2400 1658 2449 794 2135 2280 2688 
1045 1122 1694 1215 1174 364 241 532 227 472 1154 1177 1933 1028 267 1456 269 226 164 1273 155 1195 648 189 256 247 817 0 194 437 489 353 1147 483 147 256 1687 275 1439 103 1173 1402 483 193 1805 1185 1681 377 412 958 301 1031 1023 661 1973 1037 1829 267 1708 1660 2505 
1129 1206 1778 1298 1258 447 198 496 98 391 1238 1260 1928 1112 151 1451 132 98 65 1356 162 1147 567 22 273 166 691 174 0 432 357 198 1231 396 66 139 1771 121 1434 130 1125 1486 368 297 1888 1268 1764 372 274 803 237 1026 1107 534 1968 1121 1912 255 1703 1744 2457 
1080 1157 1729 1249 1209 626 322 794 411 734 1189 1212 1640 1064 425 1163 454 411 426 1308 281 1049 910 450 518 508 869 430 443 0 719 552 1183 745 409 413 1723 500 1146 376 1027 1437 744 460 1840 1220 1716 198 596 992 562 738 1059 747 1681 1073 1864 529 1415 1695 2359 
1265 1342 1914 1434 1394 555 448 604 314 179 1374 1397 2195 1248 367 1718 270 312 364 1493 453 1363 379 359 382 268 631 465 377 699 0 214 1367 179 378 355 1907 289 1701 421 1340 1622 32 587 2025 1405 1901 639 215 476 345 1289 1243 475 2236 1258 2049 363 1970 1880 2672 
1213 1291 1862 1383 1343 503 264 553 119 302 1322 1345 1998 1197 183 1521 95 112 203 1441 308 1179 503 159 330 222 495 320 177 502 202 0 1316 302 215 171 1855 82 1503 276 1156 1571 234 442 1973 1353 1849 442 79 648 293 1096 1192 338 2038 1206 1997 312 1773 1828 2489 
351 22 906 283 186 1133 1293 960 1258 1281 222 184 1320 239 1299 1958 1301 1258 1196 484 1207 1893 1456 1220 1019 1127 1748 1123 1225 1181 1327 1270 0 1291 1179 1287 899 1193 1964 1149 1871 614 1320 1256 827 176 892 1264 1349 1800 1004 1699 220 1591 2038 287 1018 1036 1778 682 3203 
1199 1277 1848 1369 1329 490 489 539 345 7 1309 1331 2220 1183 408 1743 356 337 356 1427 446 1404 262 356 316 260 727 457 377 724 165 309 1301 0 370 396 1841 314 1726 413 1381 1557 158 580 1959 1339 1835 664 310 641 279 1318 1178 570 2260 1192 1983 297 1995 1814 2714 
1100 1177 1750 1270 1230 420 213 481 113 377 1210 1232 1911 1084 166 1434 155 113 23 1328 134 1162 552 56 259 151 714 146 78 415 388 230 1203 387 0 154 1743 152 1416 102 1139 1458 386 269 1860 1240 1736 354 298 835 222 1008 1079 557 1951 1093 1884 241 1685 1715 2472 
1187 1265 1837 1357 1317 507 134 609 55 431 1297 1320 1905 1171 11 1428 106 63 157 1416 219 1049 631 146 363 279 608 234 145 409 358 191 1290 431 140 0 1830 202 1411 187 1026 1545 391 353 1948 1328 1824 348 236 805 350 979 1166 450 1945 1180 1972 369 1680 1802 2358 
717 1235 54 616 765 1687 1847 1514 1813 1834 678 763 468 739 1853 1107 1855 1812 1750 525 1761 2447 2010 1774 1572 1681 2302 1677 1779 1735 1881 1824 1260 1845 1733 1841 0 1746 1113 1703 2424 283 1874 1810 501 755 58 1817 1903 2354 1558 1860 841 2145 1186 868 495 1590 927 597 3757 
1131 1208 1780 1301 1260 421 239 470 116 296 1240 1263 1969 1114 180 1492 120 109 120 1359 226 1176 496 77 248 140 573 238 94 473 256 78 1233 296 134 168 1773 0 1475 194 1153 1488 267 360 1891 1270 1767 413 156 702 211 1066 1109 416 2009 1124 1915 229 1743 1746 2486 
1288 1806 777 1188 1337 1551 1339 1719 1428 1721 1250 1335 643 1311 1442 17 1470 1428 1443 1097 1298 2005 1897 1467 1443 1510 1860 1447 1460 1144 1736 1569 1832 1731 1425 1430 770 1517 0 1393 1982 855 1747 1476 1219 1327 763 1305 1613 1947 1488 911 1413 1703 683 1440 1079 1454 418 1367 3315 
1067 1144 1716 1237 1196 386 181 513 171 416 1176 1199 1873 1050 208 1396 213 170 108 1295 97 1135 592 133 263 191 758 102 138 377 433 296 1169 427 91 196 1709 219 1378 0 1113 1424 427 231 1827 1207 1703 316 356 902 254 970 1045 601 1913 1060 1851 272 1648 1682 2445 
1753 1830 2402 1922 1882 1299 1017 1467 1051 1205 1862 1885 2448 1736 1049 1971 1019 1059 1153 1981 1072 167 1406 1121 1191 1183 921 1183 1138 997 1093 963 1855 1206 1136 1039 2395 1045 1954 1129 0 2110 1125 1241 2513 1893 2389 1141 880 1009 1236 1463 1731 764 2488 1745 2537 1202 2223 2368 1766 
434 952 292 333 482 1405 1564 1231 1530 1551 395 480 724 456 1570 1362 1572 1529 1467 242 1478 2164 1727 1491 1290 1398 2019 1394 1496 1452 1598 1541 977 1562 1450 1558 285 1463 1368 1420 2141 0 1591 1527 450 472 278 1534 1620 2071 1275 1969 558 1862 1442 585 444 1307 1182 537 3474 
1261 1339 1911 1431 1391 552 462 601 317 176 1371 1394 2196 1245 380 1718 299 309 361 1490 450 1376 376 357 378 265 661 462 375 700 29 243 1364 176 374 369 1904 286 1701 418 1354 1619 0 584 2022 1401 1897 639 244 506 342 1293 1240 504 2236 1254 2045 360 1970 1877 2686 
1167 1245 1817 1337 1297 487 295 655 345 590 1277 1299 1966 1151 379 1488 387 344 282 1395 185 1250 766 307 379 365 931 189 311 470 607 470 1269 601 265 367 1810 392 1471 232 1227 1525 600 0 1927 1307 1803 409 530 1075 423 1063 1146 774 2005 1160 1951 390 1740 1782 2560 
867 1167 572 642 662 1799 1958 1625 1924 1946 641 660 571 791 1965 1210 1966 1923 1862 676 1872 2558 2121 1885 1684 1792 2414 1789 1890 1846 1992 1936 1192 1956 1844 1953 518 1858 1215 1814 2536 458 1985 1922 0 652 576 1929 2015 2465 1669 1963 892 2257 1289 935 191 1702 1029 193 3868 
343 767 769 146 10 1220 1379 1047 1345 1367 126 7 1184 212 1385 1822 1387 1345 1282 348 1293 1980 1543 1307 1105 1213 1834 1210 1312 1267 1413 1357 792 1377 1265 1373 763 1279 1828 1236 1957 478 1407 1343 669 0 756 1350 1435 1886 1091 1785 314 1677 1901 357 860 1123 1642 524 3289 
719 1237 13 619 768 1690 1849 1517 1815 1836 680 766 529 742 1855 1167 1858 1815 1752 527 1763 2449 2012 1777 1575 1683 2304 1680 1782 1737 1883 1827 1262 1847 1735 1844 60 1749 1173 1705 2427 285 1877 1813 562 758 0 1819 1906 2356 1561 1921 844 2147 1247 871 556 1593 987 657 3759 
1163 1240 1812 1333 1292 663 264 773 354 677 1272 1294 1776 1146 368 1299 396 353 369 1391 224 1132 853 393 523 451 921 373 385 204 662 495 1265 687 351 356 1805 443 1282 318 1110 1520 687 403 1923 1302 1799 0 539 1075 514 874 1141 764 1816 1156 1946 532 1551 1778 2442 
1295 1373 1944 1465 1425 585 316 635 184 325 1405 1427 2065 1279 235 1588 138 184 283 1523 383 1231 525 240 412 303 417 395 258 569 213 82 1397 325 288 223 1938 164 1570 351 1208 1653 245 517 2055 1435 1931 509 0 620 376 1125 1274 259 2105 1288 2079 394 1840 1910 2541 
1743 1821 2393 1913 1873 1034 897 1083 763 657 1853 1875 2644 1727 808 2167 719 762 842 1972 932 1811 858 809 860 747 673 944 827 1148 479 663 1846 658 856 803 2386 739 2150 900 1789 2101 511 1066 2503 1883 2379 1088 632 0 824 1682 1722 516 2684 1736 2527 842 2419 2358 3121 
920 997 1569 1089 1049 210 380 259 305 276 1029 1052 1977 903 368 1516 308 297 219 1148 296 1285 452 218 36 123 762 291 240 572 323 266 1022 287 232 356 1562 188 1499 264 1263 1277 316 424 1680 1059 1555 516 345 796 0 1091 898 605 2033 912 1704 36 1768 1535 2595 
1602 1679 1541 1771 1731 1147 935 1316 985 1317 1711 1733 1407 1585 984 930 1036 994 1039 1829 895 1400 1493 1064 1040 1107 1206 1044 1056 741 1289 1122 1704 1328 1022 973 1535 1114 913 990 1492 1619 1321 1073 1983 1741 1528 901 1137 1459 1084 0 1580 1180 1447 1594 1843 1051 1182 2131 2704 
187 525 833 261 221 978 1137 804 1103 1124 201 224 1247 75 1143 1886 1145 1102 1040 412 1051 1737 1300 1064 863 971 1592 967 1069 1025 1171 1114 550 1135 1023 1131 826 1037 1891 993 1715 541 1164 1100 852 232 820 1107 1193 1644 848 1543 0 1435 1965 119 968 881 1705 707 3047 
1557 1634 2206 1726 1686 847 547 896 445 586 1666 1689 2318 1540 438 1841 400 445 545 1785 634 1348 787 502 674 564 178 648 519 798 474 344 1659 587 550 451 2199 426 1824 602 1384 1914 506 768 2317 1697 2193 764 261 512 637 1187 1535 0 2359 1549 2341 655 2093 2172 2653 
1361 1879 849 1261 1410 2080 1868 2159 1957 2250 1322 1407 716 1384 1971 687 1999 1957 1972 1169 1827 2533 2425 1996 1972 2039 2389 1976 1989 1673 2265 2098 1904 2260 1954 1959 842 2046 692 1921 2511 928 2275 2006 1291 1400 836 1833 2142 2476 2017 1440 1485 2231 0 1513 1151 1983 405 1439 3843 
261 547 911 347 307 1000 1159 827 1125 1146 287 309 1325 161 1165 1963 1167 1125 1062 490 1073 1759 1322 1087 885 993 1614 990 1091 1047 1193 1137 572 1157 1045 1153 904 1059 1961 1016 1737 619 1187 1123 937 317 897 1129 1215 1666 870 1565 156 1457 2042 0 1046 903 1783 792 3069 
875 1353 579 775 849 1846 2005 1673 1971 1993 828 847 443 898 2011 1082 2013 1971 1908 683 1919 2605 2169 1933 1731 1839 2460 1836 1937 1893 2039 1982 1378 2003 1891 1999 525 1905 1088 1862 2583 466 2033 1969 186 839 583 1976 2061 2512 1716 1835 999 2303 1161 1026 0 1748 902 379 3915 
955 1033 1604 1125 1085 234 404 295 329 300 1065 1087 1977 939 392 1500 332 321 243 1183 320 1269 476 243 34 147 786 275 264 557 347 290 1057 311 257 381 1598 212 1483 288 1247 1313 340 408 1715 1095 1591 540 369 820 35 1075 934 629 2017 948 1739 0 1752 1570 2579 
1105 1622 593 1004 1153 1817 1605 1902 1694 1987 1066 1151 459 1127 1708 424 1736 1694 1709 913 1565 2271 2163 1734 1709 1776 2126 1714 1726 1410 2003 1835 1647 1998 1692 1697 586 1783 430 1659 2248 671 2013 1743 1035 1143 580 1571 1879 2214 1754 1177 1229 1969 414 1256 895 1720 0 1183 3581 
775 1019 660 495 515 1651 1811 1478 1777 1798 494 512 757 643 1817 1395 1819 1776 1714 684 1724 2411 1974 1738 1536 1645 2266 1641 1743 1698 1845 1788 1044 1809 1697 1805 606 1710 1401 1667 2388 560 1838 1774 185 505 663 1781 1867 2318 1522 2148 745 2109 1474 788 376 1554 1215 0 3721 
3118 3196 3768 3288 3248 2665 2383 2833 2417 2571 3228 3251 3814 3102 2415 3337 2385 2425 2519 3347 2438 1825 2772 2487 2556 2550 2287 2549 2504 2363 2459 2328 3221 2572 2502 2405 3761 2411 3319 2494 1793 3476 2491 2607 3879 3258 3755 2507 2246 2375 2602 2718 3097 2130 3854 3111 3903 2568 3589 3734 0 
# max. deviation of (average) travel time matrix between customers (incl. depot as last customer) [int** t_travel_maxDev]
0 6 5 2 0 9 6 9 10 12 6 0 9 1 15 10 9 9 10 3 10 18 14 11 8 9 22 11 9 11 10 9 6 12 10 15 5 8 10 10 20 4 11 11 3 0 5 12 9 16 9 20 3 19 9 0 5 9 9 2 16 
1 0 0 2 0 14 11 14 15 17 3 1 4 2 20 5 14 14 15 2 15 23 19 16 13 14 27 17 15 16 15 14 0 17 15 20 0 14 5 15 26 0 16 17 9 0 0 17 14 21 14 26 2 24 4 2 7 14 4 9 21 
2 9 0 1 8 11 9 12 12 15 2 8 3 1 17 4 11 11 12 0 13 21 17 13 11 12 24 14 12 14 12 11 9 15 13 17 0 11 4 12 23 2 13 14 5 8 0 15 11 18 11 3 3 21 3 2 5 11 3 7 19 
0 5 3 0 8 7 4 7 8 10 1 9 7 0 13 8 7 7 8 1 9 17 12 9 7 8 20 9 7 10 9 7 5 10 8 13 3 7 8 8 19 3 8 9 1 8 3 10 6 14 6 19 2 17 7 1 3 7 7 0 15 
5 4 10 7 0 2 7 3 3 1 2 0 14 6 2 16 4 3 2 9 3 5 2 1 3 4 9 1 4 2 2 4 4 1 3 2 10 4 15 2 8 9 2 1 7 0 10 1 5 3 3 8 8 6 15 5 4 3 14 7 4 
7 10 3 8 5 0 5 6 0 7 9 5 32 5 3 21 2 2 1 6 1 11 9 1 1 1 5 1 1 3 5 1 10 7 1 3 4 1 21 1 12 3 5 1 6 5 4 4 2 10 3 12 3 2 23 7 5 1 23 4 9 
3 3 8 1 3 1 0 4 1 6 2 3 26 3 1 14 2 2 1 6 3 8 2 1 4 4 5 2 0 3 3 5 3 7 1 1 7 1 14 2 10 7 3 4 8 3 7 3 3 5 7 5 5 1 16 2 7 6 17 9 6 
3 6 6 4 1 1 2 0 1 5 6 1 9 1 1 25 0 1 4 4 2 14 7 4 1 2 6 3 4 7 3 1 6 5 4 1 6 1 25 3 17 5 3 3 6 1 6 1 2 9 2 17 3 3 27 3 5 2 28 7 12 
3 6 5 5 2 3 2 5 0 6 6 2 26 1 1 14 0 0 0 4 0 7 5 2 2 1 2 0 1 2 3 4 6 7 0 1 5 0 15 0 9 5 3 0 6 1 6 2 3 2 1 6 4 3 16 3 5 1 17 6 5 
6 9 5 7 4 2 7 5 6 0 9 4 25 4 8 14 6 7 1 4 1 3 2 0 2 1 3 1 0 4 1 4 9 0 0 8 5 5 14 1 3 4 1 1 5 4 5 3 2 5 2 5 3 1 15 6 4 2 16 6 8 
0 4 3 0 1 6 3 6 7 9 0 1 7 1 12 9 5 6 7 1 7 15 11 8 6 6 19 8 6 8 7 6 3 9 6 12 3 6 9 7 18 2 7 8 8 2 3 9 5 13 5 18 4 15 7 0 2 6 7 9 13 
6 3 10 7 0 3 6 3 3 1 2 0 15 6 3 16 3 3 2 8 3 5 1 1 3 4 9 1 4 2 2 4 4 1 2 3 10 4 16 2 8 9 3 1 7 0 10 2 5 3 3 7 8 6 14 5 4 3 14 7 4 
4 11 2 4 6 14 2 14 3 17 5 6 0 3 3 1 2 3 4 3 5 11 19 5 14 14 15 5 3 7 15 4 11 17 4 2 5 3 1 4 13 3 15 5 4 6 2 5 2 14 13 3 1 12 0 4 3 13 0 6 9 
0 2 5 3 2 4 4 5 5 8 4 2 8 0 11 10 5 5 6 3 6 14 10 7 4 5 18 7 5 7 6 4 2 8 6 11 4 4 10 6 16 4 6 7 6 2 5 8 4 12 4 16 3 15 9 2 4 4 9 7 12 
4 4 9 3 4 1 2 0 1 7 4 4 24 5 0 13 1 0 0 7 3 8 6 0 3 2 3 3 2 4 4 5 5 7 1 0 9 2 13 4 11 8 4 3 9 4 9 4 3 4 1 9 7 0 15 4 9 2 15 10 7 
12 19 10 12 6 13 4 12 5 13 13 6 10 12 4 0 5 4 6 11 7 13 15 7 9 9 17 7 4 9 2 2 19 13 6 4 11 5 0 6 15 12 8 7 14 7 10 8 3 16 8 4 8 14 1 13 13 10 1 18 12 
2 4 7 3 2 1 3 4 2 6 3 2 24 3 2 12 0 1 1 5 2 5 6 1 1 2 3 1 0 3 2 4 4 7 1 3 7 1 13 2 7 7 2 2 7 3 7 3 2 4 1 3 5 2 14 2 7 1 14 8 4 
3 6 6 5 1 3 3 5 0 5 6 1 26 1 1 15 0 0 1 4 1 7 5 2 2 0 2 0 2 2 3 4 6 6 1 1 5 0 14 0 9 5 5 0 6 1 5 1 2 3 2 6 3 2 17 3 5 2 17 7 5 
4 7 6 5 2 1 0 3 0 2 6 2 28 2 2 16 4 0 0 4 1 5 4 0 0 1 8 1 0 2 1 4 7 2 0 1 6 4 17 1 8 5 1 0 7 2 6 2 3 7 0 8 4 4 18 4 6 0 19 7 3 
2 8 2 1 8 11 9 11 12 14 2 8 6 1 17 7 11 11 12 0 12 21 16 13 11 12 24 13 12 13 13 11 8 15 12 17 2 11 7 12 22 1 13 13 0 8 2 14 11 18 11 22 3 21 6 2 1 10 6 2 19 
3 7 6 5 1 4 3 3 0 1 5 2 30 2 2 18 2 1 1 4 0 8 1 1 2 2 3 0 2 0 3 2 7 0 1 2 6 2 18 1 11 5 3 0 7 1 6 0 4 2 4 9 4 3 20 3 6 4 21 7 7 
8 11 4 9 6 12 5 11 5 0 10 6 34 6 6 23 4 4 4 7 7 0 2 6 9 2 6 8 6 8 4 4 11 1 4 5 4 5 23 7 3 4 4 7 6 6 4 7 5 6 7 12 4 3 25 8 6 8 26 5 3 
9 12 6 11 7 6 6 8 5 3 11 7 34 7 6 27 5 5 1 7 2 4 0 0 5 3 6 1 0 2 1 2 12 3 0 6 6 3 26 1 7 6 2 2 7 7 5 1 2 9 5 18 6 4 28 9 7 5 29 6 7 
4 7 6 5 2 0 1 3 3 1 6 2 27 2 1 15 3 3 0 4 1 10 4 0 1 2 7 0 0 2 1 4 7 2 0 1 6 3 15 0 12 5 2 1 7 2 6 1 2 6 0 7 4 3 17 4 6 0 18 7 8 
2 6 6 4 2 0 3 2 2 3 5 2 34 2 4 23 5 4 0 4 1 12 4 1 0 0 3 1 1 5 0 1 6 2 0 4 6 1 23 1 15 6 1 1 6 2 6 3 1 6 0 15 4 0 25 2 6 0 26 7 10 
4 7 5 5 2 0 3 3 1 1 6 2 24 2 3 13 1 2 1 3 3 6 4 1 0 0 3 2 0 2 2 1 7 2 1 2 5 0 14 2 7 4 2 2 5 2 5 2 1 4 0 5 3 0 15 3 4 0 16 6 4 
9 13 6 11 7 4 2 3 6 1 11 7 36 8 3 25 4 2 6 8 5 4 1 5 5 3 0 4 6 9 4 3 13 1 5 3 6 4 24 5 13 6 4 4 7 7 5 6 4 6 4 10 6 2 27 9 7 5 27 6 4 
3 7 6 5 2 4 4 2 0 1 6 1 27 2 5 16 1 1 1 4 0 8 2 1 1 2 9 0 2 3 3 1 7 0 0 4 6 1 15 0 10 5 2 0 6 1 5 2 3 2 2 7 4 5 18 4 5 1 18 7 6 
3 6 6 5 2 1 1 4 0 3 6 2 26 2 2 14 4 0 0 5 1 5 5 0 1 1 7 1 0 3 1 4 6 2 0 2 6 3 14 1 7 6 1 1 7 2 6 2 3 7 0 5 4 4 16 4 6 0 17 7 3 
2 6 6 4 1 7 5 5 3 3 5 1 28 1 4 17 4 4 3 4 3 6 2 4 3 5 3 3 5 0 7 8 5 3 3 4 5 5 16 3 8 5 4 2 6 1 5 2 6 9 1 8 3 6 18 2 5 3 19 6 4 
7 11 5 9 6 4 4 7 4 0 10 5 21 6 4 10 4 7 0 5 1 6 2 4 3 1 3 0 4 8 0 2 11 1 0 4 5 6 10 0 8 5 0 1 5 5 5 7 1 7 3 5 4 0 11 7 5 3 12 6 5 
6 4 11 3 6 5 7 3 6 8 4 6 21 6 7 10 1 6 4 9 6 2 7 4 5 6 4 6 4 8 1 0 4 9 5 8 11 5 10 6 4 10 1 6 11 6 11 8 0 5 6 4 8 1 12 6 10 5 12 12 8 
1 0 0 2 1 14 11 14 15 17 3 1 4 1 20 6 14 14 15 2 15 23 19 16 13 14 27 17 15 16 15 14 0 17 15 20 0 13 5 15 25 0 16 17 9 1 0 17 14 21 14 25 2 24 4 2 6 14 4 9 21 
6 9 5 7 4 2 8 5 6 0 8 4 24 4 8 13 6 6 0 4 1 3 1 0 2 2 3 1 0 3 0 4 10 0 0 8 5 5 12 1 4 4 1 1 5 4 5 3 1 6 2 4 3 1 15 6 5 2 15 6 8 
3 7 6 5 1 3 1 3 0 2 5 2 27 2 2 16 1 0 0 5 1 5 4 1 0 1 2 1 0 2 1 4 6 2 0 2 6 4 16 1 7 5 1 0 7 2 6 2 3 7 0 8 4 3 18 3 6 0 19 7 3 
4 5 9 4 4 2 2 1 0 6 4 4 24 5 0 13 1 1 1 6 3 8 6 1 3 2 3 3 1 4 4 5 5 7 0 0 9 1 13 3 11 8 3 3 9 4 8 4 3 2 2 8 7 1 15 4 8 1 15 10 7 
2 9 0 2 8 12 9 12 12 15 3 8 3 2 18 4 11 12 13 1 13 21 17 14 12 12 25 14 12 14 13 12 9 15 12 18 0 12 4 13 24 1 13 14 5 8 0 15 11 18 11 3 3 21 3 3 5 12 3 7 19 
3 7 5 5 2 0 1 3 1 2 6 1 25 2 2 13 0 0 4 3 3 5 1 4 0 1 4 3 4 3 2 0 7 3 4 2 5 0 13 3 7 5 2 4 5 2 5 2 1 3 0 5 3 1 15 3 4 0 16 6 3 
13 20 10 12 6 13 3 11 5 12 13 6 10 12 4 0 4 4 5 11 7 13 14 7 9 9 16 7 4 8 2 3 19 13 6 4 10 4 0 5 15 12 7 7 14 6 10 6 3 16 8 4 8 13 0 13 13 9 1 17 11 
4 8 5 6 3 5 2 1 0 1 7 2 29 3 4 17 0 0 1 3 0 10 3 1 1 2 8 2 1 1 3 1 8 1 1 4 5 0 18 0 12 5 2 0 5 2 5 1 2 3 3 9 3 5 19 4 4 3 20 6 8 
7 11 4 9 6 12 4 10 4 1 10 5 34 6 6 23 4 4 4 6 7 1 1 6 8 3 6 8 6 8 4 3 11 1 4 5 5 5 22 6 0 4 5 6 6 5 4 6 5 6 7 9 4 3 25 8 5 8 25 4 3 
0 7 0 0 8 9 7 10 10 13 1 8 4 0 16 6 9 10 11 0 11 19 15 12 9 10 23 12 10 12 11 10 7 13 11 16 0 10 5 11 22 0 11 12 2 8 0 13 10 16 9 22 3 20 4 1 2 10 5 4 17 
8 10 5 9 6 4 7 6 6 0 10 5 20 5 8 9 4 7 0 5 1 3 2 3 4 1 2 0 3 8 0 3 10 0 0 7 5 6 9 0 3 4 0 1 5 5 5 8 1 6 3 4 4 0 10 8 6 3 12 6 8 
4 6 5 5 2 3 3 2 0 1 6 2 29 2 3 18 1 1 1 4 0 8 1 1 0 2 5 0 2 0 4 1 7 0 0 3 6 2 18 0 10 5 4 0 7 2 6 0 3 1 2 9 4 2 20 4 6 1 21 7 6 
5 6 1 1 3 10 8 11 11 13 5 2 3 3 16 2 10 11 11 3 12 20 16 13 10 11 23 12 11 13 12 10 6 14 12 16 1 10 3 12 22 4 12 12 0 3 1 13 10 17 10 5 2 20 2 4 5 10 3 1 18 
6 4 10 7 0 3 7 3 3 1 2 0 14 6 3 16 4 3 3 8 3 5 1 1 3 4 9 1 4 2 3 4 4 1 3 3 10 4 15 2 7 9 2 1 7 0 10 1 5 3 3 7 8 6 14 5 4 3 14 7 4 
2 9 0 1 8 11 9 11 12 15 3 8 3 1 18 5 11 11 13 1 13 21 17 13 11 12 25 14 12 14 13 11 9 15 13 17 0 11 4 13 23 2 13 14 5 8 0 15 11 19 11 3 3 22 3 2 5 11 3 7 19 
3 7 4 5 2 2 4 3 1 1 6 2 29 2 2 18 2 2 1 2 0 7 0 2 3 3 2 0 3 1 4 6 7 1 1 2 4 3 18 1 9 4 3 0 4 2 4 0 4 10 5 9 2 3 20 3 4 5 20 5 5 
7 5 12 4 7 6 2 4 1 3 4 8 26 8 2 15 2 4 4 10 3 8 2 4 6 5 4 3 4 4 1 1 6 3 2 3 12 7 15 3 11 11 1 3 13 8 12 4 0 5 6 9 10 1 17 7 12 6 17 13 6 
12 15 8 13 10 8 1 11 2 5 14 10 25 10 2 14 1 5 4 10 1 10 6 2 8 5 5 2 2 5 4 0 15 3 4 2 8 4 14 2 12 8 4 2 10 10 8 5 4 0 7 11 8 2 16 12 10 7 16 9 8 
3 7 5 6 2 0 4 3 1 3 6 2 4 2 3 24 1 2 2 3 1 13 5 3 0 0 4 1 2 3 1 1 7 3 2 3 5 1 23 1 15 5 2 1 5 2 5 2 1 7 0 15 3 1 26 4 4 0 26 6 11 
6 10 19 8 5 11 2 9 2 11 9 5 19 5 3 8 1 1 4 5 4 4 13 4 7 6 3 4 3 6 1 2 10 10 4 2 19 2 7 3 8 21 1 5 23 5 19 5 0 10 6 0 3 1 10 7 22 7 10 27 12 
1 4 5 3 0 6 4 7 7 10 4 0 9 0 13 10 6 7 8 2 8 16 12 9 6 7 20 9 7 9 8 7 4 10 8 13 5 6 10 8 18 4 8 9 4 0 4 10 7 13 6 18 0 17 9 0 4 6 9 5 14 
7 6 12 5 8 6 2 5 3 3 4 7 26 8 1 15 2 4 4 10 6 3 2 3 6 5 2 6 4 7 1 0 6 3 2 2 12 6 14 6 11 12 2 6 12 7 11 7 2 4 7 8 10 0 16 7 11 7 17 13 5 
11 18 9 10 4 16 6 20 8 15 12 5 8 10 6 4 7 7 8 10 9 16 18 9 12 11 19 10 7 11 5 4 18 15 9 7 9 7 4 9 18 10 11 9 13 4 8 10 6 19 11 7 7 16 0 11 12 12 4 16 14 
1 5 4 3 0 7 5 7 8 11 4 0 8 0 13 10 7 7 8 2 8 17 13 9 7 8 20 9 8 9 9 7 5 11 8 14 4 7 3 8 19 4 8 9 5 0 4 11 7 14 7 18 2 17 9 0 3 7 8 5 15 
4 9 0 3 5 12 11 13 14 16 7 5 1 2 19 2 13 13 14 2 14 23 18 15 13 14 26 15 14 15 14 13 9 16 14 19 0 13 2 14 24 3 14 15 3 6 1 16 13 20 13 3 2 23 1 4 0 13 1 5 21 
3 6 6 5 1 1 5 2 2 3 5 2 35 2 3 24 1 2 1 4 2 13 5 1 0 0 3 1 1 6 0 1 7 2 1 2 6 1 24 2 15 5 1 1 7 1 6 3 2 6 1 15 4 0 26 3 6 0 26 7 11 
7 15 5 7 3 13 3 17 5 12 8 2 5 7 4 1 4 4 5 6 6 12 14 6 9 9 16 6 4 8 1 3 15 12 5 3 6 4 1 5 15 7 7 6 9 3 5 6 3 15 8 4 3 13 0 8 8 9 0 13 10 
1 4 2 1 0 9 6 9 9 12 2 1 3 1 14 4 8 9 9 3 10 18 14 11 9 9 21 11 9 11 10 9 4 12 9 15 2 9 3 10 21 5 10 11 1 1 3 12 8 15 8 7 3 18 4 2 6 9 4 0 16 
9 12 6 11 7 13 6 11 6 5 11 7 35 7 7 24 5 5 6 7 8 6 4 7 10 6 8 9 7 9 6 5 12 5 5 6 7 8 25 8 8 6 6 7 7 7 6 8 6 7 8 15 6 5 26 9 7 9 26 7 0 
# indicator whether saturdays count as workdays (stored as 1 or 0 for "TRUE" or "FALSE", resp.) [SCIP_Bool workOnSaturdays]
0
# start date of planning period (stored as 4 integers: day, month, year, weekday) [date* startDate]
9 11 2020 0
# end date of planning period (stored as 4 integers: day, month, year, weekday) [date* endDate]
27 11 2020 4
# maximal number of delay events considered (in robust optimization) [int maxDelayEvents]
10
# number of workdays in planning period [int nDays]
10
# day properties (stored as 6 integers: index, shift_start, shift_end, break_start, break_end, break_length) [dayProperty* days]
0 21600 79200 39600 54000 1800
1 21600 79200 39600 54000 1800
2 21600 79200 39600 54000 1800
3 21600 79200 39600 54000 1800
4 21600 79200 39600 54000 1800
5 21600 79200 39600 54000 1800
6 21600 79200 39600 54000 1800
7 21600 79200 39600 54000 1800
8 21600 79200 39600 54000 1800
9 21600 79200 39600 54000 1800
# day sizes (day, number of available customers on that day) [int* day_sizes]
0 12
1 12
2 11
3 10
4 15
5 16
6 10
7 9
8 11
9 14
# list of neighbor nodes of customers for each day in planning period [neighbor*** neighbors]
0 4 2 57 33 3 40 23 16 22 18 31 46 54 5 28 60 
0 5 13 47 12 28 53 56 7 34 9 60 
1 1 34 20 49 29 37 19 44 60 
1 6 49 11 29 37 19 44 60 
2 4 0 57 33 3 40 23 16 22 18 31 46 54 5 28 60 
2 9 57 20 33 3 40 23 16 22 18 31 46 54 5 60 
3 4 0 57 33 40 23 16 22 18 31 46 54 5 28 60 
3 9 57 20 33 40 23 16 22 18 31 46 54 5 60 
4 3 32 41 59 38 39 15 25 60 
4 8 52 32 6 41 59 38 39 15 25 60 
5 4 18 46 54 28 60 
5 9 18 46 54 60 
6 2 24 14 30 45 58 26 48 35 17 52 60 
6 8 52 32 4 38 41 59 39 15 25 60 
7 0 47 12 56 60 
7 5 47 28 12 34 9 56 60 
8 1 55 10 34 20 9 49 1 29 37 19 44 60 
8 6 55 10 49 1 11 29 37 19 44 60 
9 1 55 10 34 20 8 49 1 29 37 19 44 60 
9 5 47 28 12 34 7 56 60 
10 1 55 34 20 9 8 49 1 29 37 19 44 60 
10 6 55 8 49 11 1 29 37 19 44 60 
11 3 43 4 32 41 59 38 39 15 25 60 
11 6 49 1 29 37 19 44 60 
12 0 47 53 56 7 60 
12 5 47 28 53 56 7 34 9 60 
13 0 47 12 53 7 56 60 
13 5 0 47 28 12 53 7 56 34 9 60 
14 2 24 30 45 58 26 48 35 17 52 60 
14 7 24 30 45 58 26 48 35 17 60 
15 3 39 25 60 
15 8 39 25 60 
16 4 57 33 0 40 3 23 22 31 18 46 54 28 5 60 
16 9 57 33 40 3 23 22 31 18 46 54 5 60 
17 2 35 52 60 
17 7 35 60 
18 4 40 3 23 16 31 46 54 28 5 60 
18 9 40 3 23 16 31 46 54 5 60 
19 1 44 60 
19 6 44 60 
20 1 55 10 34 9 8 49 1 29 37 19 44 60 
20 9 57 33 2 40 3 23 16 22 18 31 46 54 5 60 
21 0 51 42 27 50 36 47 13 53 12 7 56 60 
21 5 51 42 27 50 36 47 13 0 53 28 12 34 9 7 56 60 
22 4 33 57 0 3 40 23 16 31 18 46 54 28 5 60 
22 9 33 57 3 40 23 16 31 18 46 54 5 60 
23 4 57 33 0 40 3 16 22 18 31 46 54 28 5 60 
23 9 57 33 40 3 16 22 18 31 46 54 5 60 
24 2 6 30 14 45 58 26 48 35 17 52 60 
24 7 30 14 45 58 26 48 35 17 60 
25 3 39 60 
25 8 39 60 
26 2 24 14 45 58 48 35 17 52 60 
26 7 24 14 45 58 48 35 17 60 
27 0 42 21 50 36 47 13 53 12 7 56 60 
27 5 42 21 50 36 47 13 0 28 53 12 34 9 7 56 60 
28 4 18 46 54 5 60 
28 5 47 53 12 34 9 7 56 60 
29 1 37 19 44 60 
29 6 11 37 19 44 60 
30 2 24 14 45 58 26 48 35 17 52 60 
30 7 24 14 45 58 26 48 35 17 60 
31 4 40 3 16 23 18 46 54 28 5 60 
31 9 40 3 16 23 18 46 54 5 60 
32 3 4 41 59 38 39 15 25 60 
32 8 52 4 6 41 59 38 39 15 25 60 
33 4 57 0 2 3 40 22 23 16 31 18 46 54 28 5 60 
33 9 57 20 2 3 40 22 23 16 31 18 46 54 5 60 
34 1 55 10 20 9 8 49 1 29 37 19 44 60 
34 5 47 28 12 9 7 56 60 
35 2 48 17 52 60 
35 7 48 17 60 
36 0 42 21 50 13 47 12 53 56 7 60 
36 5 42 21 50 0 13 47 12 28 53 56 7 34 9 60 
37 1 19 44 60 
37 6 11 19 44 60 
38 3 4 32 41 59 15 39 25 60 
38 8 52 4 32 41 59 15 39 25 60 
39 3 15 25 60 
39 8 15 25 60 
40 4 33 57 0 3 16 23 22 31 18 46 54 28 5 60 
40 9 20 33 57 3 16 23 22 31 18 46 54 5 60 
41 3 4 32 59 38 15 39 25 60 
41 8 52 4 32 59 38 15 39 25 60 
42 0 51 21 27 50 36 47 13 53 12 7 56 60 
42 5 51 21 27 50 36 47 13 0 28 53 12 9 34 7 56 60 
43 3 11 32 4 38 41 59 39 15 25 60 
43 8 52 6 32 4 38 41 59 39 15 25 60 
44 1 19 60 
44 6 19 60 
45 2 24 14 30 58 26 48 35 52 17 60 
45 7 24 14 30 58 26 48 35 17 60 
46 4 23 16 18 54 5 28 60 
46 9 23 16 18 54 5 60 
47 0 13 53 12 7 56 60 
47 5 13 0 28 53 12 34 9 7 56 60 
48 2 14 26 35 17 52 60 
48 7 14 26 35 17 60 
49 1 55 10 9 34 20 8 1 29 37 19 44 60 
49 6 55 10 8 1 11 29 37 19 44 60 
50 0 42 21 36 47 13 53 12 7 56 60 
50 5 42 21 36 47 13 0 28 53 12 34 7 9 56 60 
51 0 42 21 27 50 36 47 13 53 12 7 56 60 
51 5 42 21 27 50 36 47 13 0 28 53 12 34 7 9 56 60 
52 2 35 17 60 
52 8 43 4 32 6 41 59 38 39 15 25 60 
53 0 47 12 7 56 60 
53 5 47 28 12 34 9 7 56 60 
54 4 23 16 18 46 28 5 60 
54 9 23 16 18 46 5 60 
55 1 10 34 20 9 8 49 1 29 37 19 44 60 
55 6 10 8 49 11 1 29 37 19 44 60 
56 0 47 12 7 60 
56 5 47 12 28 7 34 9 60 
57 4 33 0 2 3 40 23 16 22 18 31 46 54 5 28 60 
57 9 33 20 2 3 40 23 16 22 18 31 46 54 5 60 
58 2 24 45 14 30 26 48 35 52 17 60 
58 7 24 45 14 30 26 48 35 17 60 
59 3 4 32 41 38 15 39 25 60 
59 8 52 4 32 41 38 15 39 25 60 
60 0 51 21 42 27 50 36 47 13 53 12 7 56 
60 1 55 10 20 34 9 49 8 1 29 37 19 44 
60 2 6 24 14 30 45 58 26 48 35 17 52 
60 3 43 11 32 4 38 41 59 39 15 25 
60 4 33 57 0 2 40 3 16 23 22 31 18 46 54 28 5 
60 5 51 21 42 27 50 36 47 13 0 53 28 12 34 9 7 56 
60 6 55 10 49 8 1 11 29 37 19 44 
60 7 24 14 30 45 58 26 48 35 17 
60 8 43 52 6 32 4 38 41 59 39 15 25 
60 9 20 33 57 2 40 3 16 23 22 31 18 46 54 5 
