# number of customers + 1 (depot stored as last "customer") [int nC]
61
# customer IDs (depot gets ID -1) [int* customerIDs]
112522395 112530664 112524515 112521614 112504345 112505674 112513844 112513697 112513748 112522861 112511339 112517440 112501022 112501618 112526810 112505407 112508409 112513146 112519501 112519607 112516991 112502646 112508737 112500374 112519402 112519902 112519383 112501106 112516977 112517774 112506847 112526278 112502673 112524696 112521110 112509475 112518393 112527784 112529998 112504250 112504692 112525173 112526956 112501781 112502369 112528907 112511949 112511618 112516897 112528835 112528981 112522961 112505008 112529952 112527453 112508978 112501881 112518819 112519295 112502525 -1 
# time window lists for each real customer (number of elements followed by elements' contents (day,start_t,end_t,weight)) [modelWindow** timeWindows]
3 3 50400 61200 0.71 4 46800 54000 0.62 2 36000 39600 0.87 
3 2 46800 54000 0.51 4 32400 43200 0.85 3 54000 61200 0.67 
3 2 46800 54000 0.63 4 54000 57600 0.70 0 54000 57600 0.99 
3 1 50400 61200 0.86 4 39600 50400 0.83 2 32400 43200 0.86 
3 1 39600 50400 0.92 3 46800 57600 0.42 4 39600 46800 0.83 
3 3 46800 54000 0.93 1 54000 61200 0.47 2 43200 54000 0.95 
3 4 39600 43200 0.90 1 39600 50400 0.81 3 36000 39600 0.77 
3 4 50400 61200 0.51 1 46800 57600 0.59 3 32400 36000 0.43 
3 3 32400 36000 0.61 4 54000 61200 0.69 2 36000 46800 0.49 
3 1 32400 36000 0.99 3 43200 50400 0.64 4 43200 50400 0.69 
3 1 54000 57600 0.50 4 54000 61200 0.61 0 43200 46800 0.53 
3 3 39600 46800 0.57 2 50400 57600 0.84 4 50400 57600 0.85 
3 3 43200 54000 0.89 0 36000 46800 0.73 1 54000 57600 0.85 
3 3 36000 43200 0.46 4 39600 50400 0.78 1 43200 46800 0.68 
3 4 50400 54000 0.56 0 43200 54000 0.43 3 46800 50400 0.68 
3 4 43200 54000 0.47 3 32400 36000 0.84 2 54000 61200 0.77 
3 0 50400 57600 0.43 2 46800 54000 0.94 1 54000 61200 0.86 
3 0 54000 57600 0.52 3 54000 61200 0.55 4 46800 57600 0.81 
3 4 36000 46800 0.43 1 39600 43200 0.60 3 39600 46800 0.77 
3 0 50400 54000 0.40 2 36000 39600 0.91 1 54000 57600 0.91 
3 0 32400 43200 0.84 4 50400 57600 0.56 3 43200 50400 0.65 
3 0 36000 39600 0.58 1 43200 54000 0.68 3 36000 39600 0.86 
3 4 32400 36000 0.65 3 54000 61200 0.56 2 50400 54000 0.66 
3 0 46800 54000 0.57 3 32400 39600 0.70 2 46800 54000 0.42 
3 3 43200 54000 0.45 2 36000 39600 0.61 4 54000 61200 0.60 
3 3 36000 46800 0.64 4 36000 43200 0.55 2 36000 46800 0.53 
3 0 54000 57600 0.92 2 36000 46800 0.72 3 46800 50400 0.61 
3 3 54000 57600 0.90 1 54000 57600 0.45 2 39600 43200 0.92 
3 3 50400 54000 0.59 1 43200 46800 0.67 2 43200 54000 0.43 
3 0 43200 54000 0.48 2 32400 43200 0.94 1 46800 57600 0.61 
3 0 46800 54000 0.53 1 32400 43200 0.69 2 39600 43200 0.99 
3 4 46800 50400 0.41 2 54000 57600 0.41 3 36000 39600 0.86 
3 4 39600 50400 0.88 3 43200 46800 0.76 0 39600 50400 0.55 
3 2 54000 61200 0.53 3 50400 61200 0.70 4 50400 54000 0.96 
3 1 50400 57600 0.94 0 46800 50400 0.43 3 36000 46800 0.47 
3 4 46800 54000 0.79 3 46800 57600 0.76 0 39600 43200 0.48 
3 1 54000 61200 0.84 4 54000 57600 0.66 2 43200 54000 0.99 
3 1 36000 46800 0.76 4 39600 46800 0.72 3 50400 61200 0.55 
3 3 50400 61200 0.66 1 43200 50400 0.91 4 43200 54000 0.41 
3 4 54000 57600 0.40 0 54000 61200 0.58 2 36000 46800 0.70 
3 1 39600 50400 0.62 0 32400 36000 0.47 3 54000 61200 0.97 
3 4 39600 50400 0.69 0 39600 46800 0.56 2 46800 57600 0.47 
3 3 50400 61200 0.79 0 36000 43200 0.95 4 32400 36000 0.71 
3 0 39600 43200 0.99 1 54000 61200 0.87 4 32400 39600 0.96 
3 1 46800 54000 0.46 2 43200 50400 0.57 0 36000 43200 0.73 
3 2 43200 50400 0.63 1 32400 39600 0.60 4 32400 39600 0.62 
3 1 46800 57600 0.56 0 36000 46800 0.46 3 36000 39600 0.64 
3 0 54000 57600 0.99 1 39600 43200 0.88 2 54000 61200 0.61 
3 2 43200 54000 0.47 3 54000 61200 0.40 1 54000 61200 0.46 
3 4 46800 57600 0.44 0 54000 57600 0.76 2 50400 61200 0.46 
3 0 39600 46800 0.94 1 46800 54000 0.57 2 54000 61200 0.47 
3 4 36000 46800 0.49 3 54000 57600 0.64 2 54000 61200 0.47 
3 1 43200 50400 0.85 3 43200 54000 0.89 2 50400 57600 0.79 
3 2 39600 46800 0.46 0 46800 50400 0.46 3 54000 57600 0.79 
3 4 50400 61200 0.45 0 39600 43200 0.45 3 54000 61200 0.58 
3 3 39600 50400 0.88 2 39600 46800 0.82 1 54000 61200 0.92 
3 0 54000 61200 0.83 2 36000 39600 0.77 3 32400 39600 0.53 
3 1 46800 50400 0.44 0 36000 43200 0.51 2 50400 57600 0.46 
3 3 43200 50400 0.50 1 46800 50400 0.79 0 32400 39600 0.75 
3 3 32400 36000 0.77 4 43200 50400 0.49 1 32400 43200 0.60 
# objective function coefficients [SCIP_Real* obj]
200.369000 1063.918000 1092.105333 1092.654000 201.890333 242.022667 259.333333 536.013000 552.224333 1031.833000 177.537667 259.886000 1085.279000 511.962000 604.238000 1092.656000 164.543143 604.753000 311.655333 553.855333 578.087333 510.404000 517.617333 211.116333 578.579000 213.027000 215.950143 561.421333 272.787000 532.271333 1092.202333 1017.581000 1048.743000 523.573000 550.102333 1044.210000 1063.730000 317.697000 170.508000 522.339000 1070.042333 1090.967000 206.576667 272.320000 177.463333 347.732333 321.511333 567.476000 243.020476 1066.690000 217.416667 244.816333 1028.292000 547.041000 236.890143 513.406000 1022.727333 564.094000 1035.612000 539.462333 0.000000 
# shift start time [int shift_start]
21600
# shift end time [int shift_end]
79200
# service times at customers (depot has service time 0.0) [int* t_service]
120 120 240 60 120 60 240 240 60 180 300 60 120 180 120 240 240 300 180 180 180 240 120 180 240 180 240 240 180 180 240 180 300 240 240 60 300 120 180 180 60 240 60 180 120 180 180 120 120 120 240 60 180 180 240 240 240 180 60 60 0 
# max. deviation of service times at customers (depot again 0.0) [int* t_service_maxDev]
360 240 300 420 300 420 60 60 540 360 300 420 480 480 300 60 120 360 180 360 360 60 300 540 300 480 360 300 420 240 180 360 300 180 300 480 360 480 480 240 420 120 180 420 240 420 420 360 540 300 420 420 300 240 300 180 180 360 180 360 0 
# morning/AM travel time matrix between customers (incl. depot as last customer) [int** t_travelAM]
0 299 302 119 700 628 1023 1048 1043 150 499 136 656 810 236 644 588 1079 227 368 51 870 629 724 237 174 213 606 47 429 675 294 875 124 178 508 263 516 283 633 675 247 149 810 741 464 1023 1054 98 435 449 57 676 993 255 492 831 398 219 711 3267 
204 0 287 180 434 361 757 781 777 265 476 252 356 544 268 378 289 812 87 54 156 604 329 458 97 98 116 306 159 282 409 287 609 221 119 318 79 529 341 367 409 232 298 544 475 437 756 788 124 407 422 244 410 727 345 302 565 214 115 444 3252 
370 670 0 489 1071 998 1394 1418 1414 520 811 497 1027 1180 154 1015 959 1449 597 739 421 1241 999 1094 607 544 584 977 418 799 1045 173 1246 403 548 879 634 760 653 1004 1045 146 308 1181 1111 786 1393 1425 468 805 803 396 1047 1325 231 863 1202 769 589 1081 3124 
123 250 351 0 684 612 1007 1032 1027 147 481 171 607 794 332 628 539 1063 138 279 74 854 579 708 148 110 125 557 78 422 659 351 859 165 59 420 256 534 260 618 659 296 273 794 725 441 1007 1038 91 412 427 180 660 977 378 403 815 391 130 695 3316 
664 468 795 590 0 166 481 505 500 632 647 712 170 267 776 152 326 536 493 562 616 327 366 77 503 585 521 203 619 334 133 796 333 713 530 471 587 700 609 134 87 741 806 267 198 607 480 511 589 578 593 722 56 451 853 478 288 458 521 168 3470 
612 416 740 538 186 0 509 534 529 580 595 660 334 296 721 143 270 565 441 507 564 356 311 210 451 533 469 288 567 282 161 740 361 661 478 416 532 647 557 34 161 685 751 296 227 555 508 540 537 526 540 670 162 479 798 423 317 406 469 197 3498 
532 331 757 509 374 301 0 24 19 568 583 580 407 251 738 318 340 55 411 526 484 270 380 398 421 504 440 357 487 247 349 757 265 581 448 431 486 636 546 307 349 702 682 220 283 544 44 76 452 514 529 590 350 117 787 415 202 308 439 336 3335 
605 404 830 582 447 374 126 0 145 641 656 653 481 324 811 391 413 31 485 599 557 343 453 471 494 577 513 431 560 320 422 830 338 654 521 504 559 709 619 380 422 775 755 293 356 617 125 156 525 587 602 663 423 150 860 488 275 382 512 409 3369 
543 342 768 520 385 313 11 4 0 579 594 591 419 262 749 329 351 35 423 537 495 281 392 409 433 515 451 369 498 258 360 768 276 592 459 442 497 647 557 318 360 713 693 232 295 555 56 87 463 526 540 601 361 128 798 426 213 320 451 347 3347 
164 328 446 133 743 670 1066 1090 1086 0 353 172 667 853 400 687 600 1121 217 358 131 913 640 767 227 228 203 617 128 509 718 447 918 260 137 442 344 406 133 676 718 391 314 853 784 314 1065 1097 178 285 299 188 719 1036 419 426 874 479 209 753 3411 
444 562 727 400 804 810 1206 1230 1226 280 0 361 694 992 664 827 682 1261 483 592 412 1053 722 818 493 494 470 644 408 768 857 669 1058 541 404 429 617 96 149 816 857 672 594 993 923 42 1205 1236 459 76 59 468 845 1176 634 413 1014 752 475 893 3575 
147 363 430 183 764 692 1087 1112 1107 175 417 0 720 874 368 708 653 1143 291 432 115 934 693 788 301 238 277 670 111 493 739 416 940 244 242 570 327 444 196 698 739 375 297 874 805 377 1087 1118 162 348 362 159 741 1057 342 553 895 462 283 775 3395 
737 535 822 663 166 316 631 655 651 705 645 785 0 418 803 303 453 686 566 589 688 478 493 180 576 633 594 32 692 484 283 822 483 756 602 304 614 697 607 285 238 767 833 418 349 605 630 662 659 576 590 779 207 601 880 328 439 608 594 318 3620 
637 447 796 563 249 294 245 269 265 605 620 685 357 0 777 281 377 300 466 563 588 60 417 196 476 558 494 389 592 312 261 796 65 686 502 468 588 672 582 263 254 741 787 32 71 580 244 276 562 551 565 694 255 215 853 452 53 436 494 123 3302 
216 515 169 335 916 844 1239 1264 1259 366 657 342 872 1026 0 860 805 1295 443 584 267 1086 845 940 453 390 429 822 263 645 891 77 1091 269 394 724 479 606 499 850 891 147 153 1026 957 631 1239 1270 314 651 648 242 892 1209 76 708 1047 614 435 927 3119 
630 434 761 556 212 176 535 559 555 597 613 678 359 321 742 0 291 590 459 528 581 382 332 235 468 551 487 309 585 299 186 761 387 679 495 437 553 665 575 145 186 706 772 322 252 573 534 565 554 544 558 687 188 505 819 444 343 424 486 222 3524 
463 360 622 390 611 539 934 959 954 431 455 511 536 721 603 555 0 990 292 389 415 781 40 635 302 385 320 486 418 497 586 622 787 512 329 251 414 508 418 545 586 567 613 721 652 416 934 965 388 386 401 521 588 904 680 235 742 549 320 622 3587 
574 373 799 551 416 343 95 119 114 610 625 622 450 293 780 360 382 0 454 568 526 312 422 440 463 546 482 400 529 289 391 799 307 623 490 473 528 678 588 349 391 744 724 262 325 586 94 125 494 556 571 632 392 119 829 457 244 351 481 378 3338 
224 171 398 150 606 533 929 953 949 237 499 272 528 715 379 550 461 984 0 201 176 776 501 629 9 145 81 478 179 428 580 399 781 273 90 341 226 552 350 539 580 343 374 716 646 459 928 960 149 430 445 282 582 899 456 325 737 361 81 616 3363 
172 69 255 125 470 398 793 818 813 212 539 220 426 580 236 414 358 849 111 0 123 640 399 494 121 66 97 376 127 199 445 255 645 189 65 381 47 591 325 403 445 200 266 580 511 499 793 824 92 470 484 211 446 763 313 365 601 182 103 481 3220 
48 248 314 68 649 576 972 996 992 109 459 96 605 759 284 593 537 1027 175 317 0 819 578 673 185 122 162 555 3 378 624 315 824 128 127 457 212 476 242 582 624 260 198 759 690 423 971 1003 46 394 409 106 625 942 303 441 780 347 168 659 3279 
652 462 811 579 309 353 260 285 280 620 635 700 417 60 792 341 392 316 481 578 604 0 432 256 491 574 509 410 607 328 322 811 5 701 518 483 603 688 598 323 314 756 802 81 131 596 260 291 577 566 581 710 316 230 869 467 68 452 509 184 3362 
423 319 582 349 571 498 894 919 914 391 415 471 495 681 563 515 428 950 252 349 375 741 0 595 262 344 280 445 378 456 546 582 746 472 289 211 374 468 377 504 546 527 573 681 612 375 893 925 348 346 361 481 547 864 640 195 702 509 280 582 3547 
709 513 841 636 84 211 492 517 512 677 692 757 160 279 822 198 371 548 538 608 661 339 411 0 548 631 566 193 664 379 178 841 344 758 575 464 633 745 655 180 133 786 851 279 243 653 491 523 634 623 638 767 102 462 898 489 300 503 566 213 3463 
244 192 418 171 626 553 949 973 969 258 519 292 548 736 399 570 481 1004 20 221 196 796 521 650 0 166 101 498 199 449 601 419 801 293 110 361 246 572 370 559 601 364 394 736 667 480 948 980 169 450 465 302 602 919 476 345 757 381 101 636 3383 
156 236 252 114 670 598 993 1018 1013 217 563 204 592 780 233 614 525 1049 124 265 108 840 565 694 134 0 110 542 111 412 645 253 845 187 86 406 246 584 346 603 645 198 263 780 711 524 993 1024 81 495 509 209 646 963 310 389 801 382 116 681 3217 
191 180 365 117 614 541 937 962 957 204 507 239 536 724 346 558 469 993 68 209 142 784 509 638 78 112 0 486 146 437 589 365 789 240 56 349 234 560 317 547 589 310 340 724 655 468 936 968 115 438 453 248 590 907 423 333 745 369 19 625 3330 
706 502 790 635 216 366 681 705 701 677 617 755 50 468 771 353 420 736 538 557 658 528 461 230 548 600 566 0 662 534 333 790 533 724 575 276 582 670 580 335 288 735 800 468 399 578 680 712 626 548 563 746 257 651 847 300 489 658 566 368 3670 
44 252 318 71 653 580 976 1000 996 106 456 93 608 762 281 597 541 1031 179 320 3 823 581 676 189 126 166 558 0 381 627 318 828 132 130 461 216 472 239 586 627 263 194 763 693 420 975 1006 50 391 405 102 629 946 300 445 784 351 171 663 3283 
428 215 641 393 357 284 680 705 700 480 575 476 391 467 621 301 323 736 295 473 380 527 363 381 305 388 323 341 383 0 332 641 532 477 332 423 382 627 537 290 332 586 578 467 398 535 679 711 348 506 520 486 333 650 683 406 488 204 323 368 3605 
654 458 785 580 153 155 476 501 496 622 637 702 301 263 766 142 316 532 483 552 605 323 356 177 493 575 511 333 609 323 0 785 328 703 519 461 577 689 599 124 80 730 796 263 194 597 475 507 579 568 582 711 129 446 843 468 284 448 511 164 3465 
285 584 192 404 985 913 1308 1333 1328 435 711 397 941 1095 71 929 874 1364 512 653 336 1155 914 1009 522 459 498 891 332 714 960 0 1161 339 463 793 548 624 568 919 960 170 222 1095 1026 685 1308 1339 383 719 703 311 962 1278 84 777 1116 683 504 996 3056 
647 457 806 573 314 348 255 280 275 615 630 695 422 65 787 346 387 311 476 573 599 4 427 261 486 568 504 404 602 322 326 806 0 696 513 478 598 682 592 328 319 751 797 76 136 590 254 286 572 561 575 705 320 225 863 462 63 447 504 188 3367 
120 343 300 155 743 671 1067 1091 1086 242 592 228 699 853 281 688 632 1122 270 411 132 913 672 767 280 217 257 649 135 472 718 300 919 0 214 552 306 608 375 677 718 245 196 854 784 556 1066 1097 141 527 541 150 720 1037 301 535 874 442 262 754 3265 
169 191 343 60 625 553 948 973 968 147 481 217 548 735 324 569 480 1004 79 220 120 795 520 649 89 90 66 498 124 425 600 343 800 218 0 361 245 533 260 559 600 288 319 735 666 441 948 979 94 412 426 226 601 918 401 344 756 381 71 636 3308 
479 375 638 405 482 534 930 954 950 446 457 527 346 717 618 551 334 985 308 404 430 777 374 496 318 400 336 296 434 492 582 638 782 528 344 0 430 509 419 540 554 583 628 717 648 417 929 961 404 388 402 536 523 900 695 70 738 565 336 617 3602 
213 118 297 196 473 401 796 821 816 275 588 261 475 583 278 417 408 852 199 373 165 643 448 497 209 107 218 425 168 202 448 297 648 231 194 430 0 640 408 407 448 242 307 583 514 548 796 827 133 519 533 253 449 766 354 414 604 135 224 484 3262 
484 633 733 471 879 885 1280 1305 1300 351 125 385 769 1067 578 901 756 1336 554 663 452 1127 797 893 564 565 541 719 448 830 932 573 1132 581 475 504 664 0 223 891 932 712 531 1067 998 117 1280 1311 499 151 134 471 920 1250 538 488 1088 799 546 968 3478 
295 413 577 251 825 753 1148 1173 1168 131 220 211 725 935 531 769 682 1204 334 443 263 995 722 849 344 345 320 675 259 641 800 578 1000 391 254 460 468 273 0 759 800 523 445 935 866 181 1148 1179 309 151 166 319 801 1118 526 444 956 603 326 836 3542 
621 425 752 547 152 31 475 499 495 589 604 669 300 262 733 109 283 530 450 519 573 322 323 176 460 542 478 300 576 291 127 753 327 670 487 428 544 657 566 0 127 698 763 262 193 564 474 506 546 535 550 679 128 445 810 435 283 415 478 162 3464 
652 456 783 578 105 153 468 493 488 620 635 700 254 255 764 140 314 524 481 550 603 315 354 129 491 573 509 286 607 321 81 783 320 701 517 459 575 687 597 122 0 728 794 255 186 595 468 499 577 566 580 709 82 438 841 466 276 446 509 156 3458 
356 649 175 462 1050 977 1373 1398 1393 506 797 482 1006 1160 139 994 938 1429 577 718 407 1220 979 1074 586 524 563 956 403 779 1025 176 1225 371 521 858 613 746 639 983 1025 0 293 1160 1091 771 1372 1404 448 791 788 381 1026 1343 216 842 1181 748 569 1061 3140 
149 449 315 268 850 777 1173 1197 1193 299 618 286 806 959 145 794 738 1228 376 518 200 1020 778 873 386 323 363 756 197 578 824 203 1025 203 327 658 413 567 432 783 824 274 0 960 890 592 1172 1204 247 584 599 175 826 1143 153 642 981 548 368 860 3242 
604 414 763 531 241 286 213 237 232 572 587 652 348 30 744 272 344 268 433 530 556 76 385 188 443 526 461 362 559 280 253 764 72 653 470 435 555 640 550 254 246 708 754 0 63 548 212 243 529 519 533 662 247 183 821 419 20 404 461 115 3294 
674 483 833 600 208 223 282 306 302 641 657 722 326 69 813 209 383 337 503 599 625 129 423 165 513 595 531 358 629 349 190 833 134 723 539 505 625 709 619 191 183 778 823 69 0 617 281 313 599 588 602 731 184 252 890 489 90 473 531 52 3271 
402 520 684 358 762 768 1163 1188 1183 238 39 318 652 950 638 784 639 1219 441 549 369 1010 680 776 451 452 427 602 366 726 815 665 1015 498 361 387 575 92 106 774 815 630 552 950 881 0 1163 1194 416 34 17 426 803 1133 615 371 971 710 433 851 3570 
611 410 836 588 453 380 132 156 151 647 662 659 487 330 817 397 419 187 491 605 563 349 459 477 501 583 519 437 566 326 428 836 344 660 527 510 565 715 625 386 428 781 761 300 363 623 0 31 531 593 608 669 429 170 866 494 281 388 519 415 3389 
580 379 805 557 422 349 100 125 120 616 631 628 455 299 785 366 388 156 459 574 531 317 428 445 469 552 487 405 535 294 396 805 313 629 496 479 534 683 593 355 396 750 729 268 331 591 100 0 499 562 576 637 398 139 835 463 250 356 487 384 3357 
80 201 288 62 602 529 925 950 945 141 491 128 558 712 269 546 490 981 127 268 31 772 531 626 137 74 114 508 35 331 577 289 777 129 89 409 165 508 274 535 577 233 230 712 643 455 924 956 0 426 440 137 578 895 335 392 733 300 119 613 3253 
368 486 650 324 728 734 1129 1154 1149 204 68 284 618 916 604 750 605 1185 407 515 335 976 646 742 417 418 393 568 332 692 781 651 981 464 327 353 540 121 72 739 781 595 518 916 847 29 1129 1160 382 0 14 392 769 1099 599 337 937 676 399 817 3599 
385 503 667 340 744 750 1146 1170 1166 220 54 301 634 933 621 767 622 1201 423 532 352 993 662 759 433 435 410 584 348 708 798 667 998 481 344 370 557 107 89 756 798 612 534 933 864 14 1145 1177 399 16 0 409 785 1116 616 353 954 692 416 833 3585 
55 355 324 174 756 683 1079 1103 1099 171 508 145 711 865 254 700 644 1134 282 423 106 926 684 779 292 229 269 661 103 484 730 312 931 145 233 564 319 524 304 689 730 269 167 866 796 482 1078 1109 153 456 470 0 732 1049 272 548 887 454 274 766 3289 
647 451 778 573 66 149 464 488 483 615 630 695 215 250 759 135 309 519 476 545 599 310 349 90 486 568 504 247 602 317 116 779 316 696 513 454 570 683 592 117 70 724 789 250 181 590 463 494 572 561 576 705 0 434 836 461 271 441 504 151 3453 
639 438 864 616 481 408 159 184 179 675 690 687 514 358 845 425 447 215 518 633 591 377 487 505 528 611 547 464 594 354 456 864 372 688 555 538 593 743 653 414 456 809 789 327 390 651 159 190 559 621 636 697 457 0 894 522 309 415 546 443 3230 
246 546 245 365 947 874 1270 1294 1290 396 641 327 903 1057 75 891 835 1325 473 615 297 1117 875 971 483 420 460 853 294 676 922 74 1122 300 424 755 510 590 500 880 922 223 151 1057 988 616 1269 1301 344 650 633 272 923 1240 0 739 1078 645 465 957 3112 
455 351 614 381 497 530 926 950 946 422 433 503 361 712 594 547 348 981 284 380 406 773 389 511 294 376 312 311 410 488 577 614 778 504 320 59 406 485 395 536 569 559 604 713 643 393 925 957 380 364 378 512 538 896 671 0 734 541 312 613 3578 
583 393 742 510 259 285 192 216 212 551 567 632 367 48 723 291 323 247 412 509 535 67 364 206 422 505 441 341 539 259 271 743 63 633 449 415 534 619 529 273 264 688 733 18 81 527 191 222 508 498 512 641 265 162 800 398 0 383 440 133 3312 
265 238 500 248 485 412 808 832 828 326 676 313 518 595 481 429 451 863 312 453 217 655 491 509 322 259 299 468 220 214 460 500 660 314 274 549 219 693 459 418 460 445 415 595 526 640 807 839 185 611 626 323 461 778 520 533 616 0 304 495 3465 
201 184 375 127 618 546 942 966 961 214 512 249 541 728 356 563 473 997 72 214 153 788 514 642 82 122 17 491 156 441 593 376 794 250 67 354 239 564 327 552 593 321 351 729 659 472 941 972 126 443 457 259 595 912 433 338 749 374 0 629 3340 
698 503 830 625 185 200 336 360 356 666 682 747 334 122 811 187 360 391 527 597 650 183 401 209 537 620 556 366 654 368 168 830 188 748 564 506 622 734 644 169 160 775 840 123 53 642 335 366 623 613 627 756 162 306 888 513 144 492 555 0 3325 
3461 3614 3349 3560 3521 3584 3336 3360 3355 3552 3703 3465 3629 3435 3387 3601 3623 3391 3668 3809 3492 3496 3663 3468 3678 3615 3655 3641 3489 3530 3592 3316 3501 3515 3619 3714 3705 3578 3637 3590 3560 3387 3366 3436 3401 3695 3335 3366 3539 3729 3712 3478 3529 3269 3335 3698 3457 3592 3660 3454 0 
# noon travel time matrix between customers (incl. depot as last customer) [int** t_travelNoon]
0 263 304 111 591 548 935 962 956 140 441 132 561 711 225 556 502 997 212 344 45 771 541 617 222 159 197 532 42 367 585 283 776 122 171 472 232 466 268 542 580 254 142 710 644 405 939 970 78 374 389 53 577 909 240 458 730 342 203 621 3208 
209 0 298 182 357 310 701 727 722 260 465 261 297 476 283 321 238 763 91 56 165 537 278 383 101 99 117 268 169 259 351 288 542 232 121 299 80 511 341 307 346 247 302 476 410 429 704 736 134 398 413 252 343 674 348 286 496 190 117 386 3201 
358 617 0 457 944 901 1288 1315 1309 498 763 478 914 1064 148 909 855 1350 565 697 404 1124 895 970 575 512 550 885 401 720 938 153 1129 370 517 825 585 666 626 895 934 132 298 1063 998 740 1292 1323 431 733 748 382 930 1262 213 811 1083 695 556 974 3066 
116 242 351 0 591 548 935 961 956 140 422 167 539 710 337 555 480 997 142 274 72 771 520 617 152 112 127 510 75 367 585 342 776 161 60 402 232 468 249 541 580 301 258 710 644 385 938 970 77 355 370 169 577 908 356 388 730 342 133 620 3255 
622 437 787 553 0 153 467 493 488 585 610 674 125 243 773 142 313 529 459 545 579 303 352 72 469 549 485 157 582 312 124 777 308 675 492 391 569 656 571 123 79 736 765 242 184 573 471 502 548 543 558 676 48 441 837 411 262 416 485 160 3198 
580 395 745 511 165 0 509 535 530 543 567 632 268 284 730 140 266 571 417 503 536 345 306 191 427 507 443 296 540 270 158 735 350 632 450 403 527 614 528 34 154 694 722 284 218 531 512 544 505 500 516 633 151 482 795 390 304 374 443 194 3259 
490 318 733 478 346 303 0 26 21 543 567 542 389 244 716 310 330 61 404 503 446 262 369 372 414 494 430 360 450 242 340 723 257 542 437 403 448 614 528 296 335 682 632 214 274 531 44 76 415 500 515 543 332 107 730 389 196 284 430 325 3095 
570 398 813 559 426 383 133 0 154 623 647 622 469 324 796 390 410 35 484 583 526 342 450 452 494 574 510 440 530 322 420 803 338 622 517 483 528 694 609 377 415 762 712 294 354 611 132 163 495 581 596 623 412 149 810 470 276 364 510 406 3137 
501 329 744 490 357 314 11 5 0 554 578 553 400 255 727 321 341 40 415 514 458 273 381 383 425 505 441 371 461 253 351 734 269 554 448 414 459 625 540 308 346 693 643 225 285 542 56 87 426 512 527 554 343 118 741 401 208 295 441 337 3106 
149 313 431 126 633 588 977 1003 998 0 301 164 575 753 374 597 516 1039 213 345 119 813 556 659 223 224 199 546 116 441 627 421 818 243 131 412 306 347 128 584 622 380 291 752 686 265 981 1012 151 234 249 180 619 951 389 399 772 416 204 663 3334 
419 544 701 384 706 700 1089 1115 1110 270 0 343 601 865 611 709 628 1151 471 576 389 925 668 721 481 481 456 586 386 659 739 618 930 513 389 388 576 89 141 696 734 650 558 864 798 41 1093 1124 421 73 57 439 731 1063 580 375 884 686 462 775 3435 
134 322 416 170 650 607 994 1020 1015 164 364 0 620 770 345 614 560 1056 271 402 104 830 600 676 281 217 256 591 101 426 644 384 835 228 230 530 291 395 191 601 639 365 276 769 703 328 998 1029 136 297 312 154 636 967 314 517 789 401 262 679 3301 
679 517 815 608 104 242 556 583 577 640 601 731 0 332 801 231 402 618 514 573 635 392 442 119 524 604 540 31 639 402 214 805 397 731 547 266 597 647 562 212 168 765 819 331 273 565 560 591 609 534 549 732 137 530 865 286 351 506 540 249 3288 
619 438 782 548 222 279 256 282 277 580 605 671 317 0 768 267 367 318 454 540 575 60 407 177 464 544 480 349 579 313 250 772 65 671 487 440 564 651 566 248 239 731 761 31 68 568 260 291 548 538 553 672 229 230 832 427 51 417 480 120 3071 
209 473 160 321 801 758 1145 1171 1166 350 614 329 771 921 0 765 711 1207 422 553 255 981 751 827 432 368 407 742 252 577 795 74 986 265 381 681 442 542 478 752 790 135 149 920 854 592 1149 1180 287 584 599 233 787 1118 74 668 940 552 413 830 3048 
599 413 763 529 191 172 535 561 556 561 586 650 295 311 749 0 289 597 435 521 555 371 329 217 445 525 461 319 558 289 185 753 376 651 468 421 545 632 547 142 180 713 741 310 244 550 539 570 524 519 534 652 177 509 814 408 330 393 461 221 3285 
458 335 621 387 516 472 860 887 881 419 452 509 459 636 606 481 0 922 293 379 414 696 39 542 303 383 319 430 417 430 510 611 701 510 326 236 403 499 413 467 505 570 600 635 569 416 864 895 388 385 401 511 502 834 671 223 655 513 319 546 3524 
535 362 777 523 390 347 97 124 118 587 612 586 434 289 760 355 374 0 448 547 491 307 414 417 458 539 474 405 494 286 384 767 302 587 482 447 492 658 573 341 380 727 677 259 319 576 96 128 460 545 560 588 376 114 775 434 241 329 474 370 3102 
218 159 407 147 516 470 860 887 881 226 489 270 457 636 393 481 397 922 0 191 174 696 437 542 9 143 79 428 178 394 510 397 701 270 86 319 215 536 335 467 505 357 360 635 569 453 864 895 148 423 438 271 502 834 458 306 655 325 79 546 3311 
175 67 264 126 395 352 739 766 760 204 486 227 365 515 250 360 306 801 113 0 132 575 345 421 123 65 98 336 135 171 389 254 580 198 65 361 46 533 313 346 384 213 268 514 448 450 743 774 101 420 435 218 381 713 314 348 534 156 104 425 3167 
43 218 312 65 545 502 890 916 911 103 405 95 515 665 269 510 456 951 166 298 0 725 496 572 176 113 152 486 3 321 539 302 731 124 126 426 186 430 231 496 535 261 185 664 599 368 893 925 32 338 353 96 531 863 283 413 685 296 157 575 3215 
636 455 799 565 283 339 273 299 294 597 622 688 378 60 785 328 384 335 471 557 592 0 424 238 481 561 497 409 596 330 311 789 5 688 504 457 581 668 583 309 300 749 778 80 129 585 277 308 565 555 570 689 290 247 849 444 68 434 497 180 3132 
418 295 581 347 476 432 821 847 842 379 413 470 419 596 567 441 360 882 253 339 374 656 0 503 263 343 279 390 378 391 470 571 662 470 286 196 363 459 374 427 466 530 560 595 530 376 824 856 348 346 361 471 462 794 631 183 616 473 279 506 3484 
667 482 832 598 84 198 440 466 461 630 654 719 140 215 817 187 358 502 504 590 623 276 397 0 514 594 530 171 627 357 169 822 281 719 537 406 614 701 616 168 123 781 809 215 181 618 443 475 592 588 603 720 93 413 882 426 235 461 530 205 3171 
238 179 428 167 536 490 880 907 901 246 510 290 477 656 413 501 417 942 20 211 194 716 457 563 0 163 99 448 198 414 530 418 722 290 106 339 236 556 355 487 526 377 380 655 590 473 884 915 168 443 458 291 522 854 478 326 676 346 99 566 3331 
154 225 264 114 583 536 927 953 948 214 507 206 523 702 249 547 464 989 126 258 110 763 503 609 136 0 111 494 114 374 576 254 768 198 86 386 239 540 334 533 572 213 268 702 636 471 930 962 84 441 456 207 569 900 314 372 722 349 117 612 3167 
187 169 376 116 526 479 870 896 891 195 477 239 466 645 362 490 407 932 69 201 143 706 447 552 79 112 0 437 146 404 520 366 711 239 55 329 225 523 303 476 515 325 329 645 579 440 873 905 117 410 425 240 512 843 426 315 665 335 19 555 3279 
648 485 784 577 133 271 585 612 606 610 570 700 29 361 769 260 402 647 483 541 605 421 442 148 493 574 509 0 608 431 243 774 426 701 517 235 566 617 532 241 197 733 787 360 302 534 589 620 579 504 519 702 166 559 834 255 380 535 509 278 3317 
40 221 315 68 548 505 893 919 914 100 401 92 518 668 266 513 459 954 169 301 3 728 499 575 179 116 155 489 0 324 542 305 734 127 129 429 189 426 228 499 538 264 182 667 602 365 896 928 35 334 349 93 534 866 280 416 688 299 160 578 3218 
388 202 630 376 307 264 651 678 672 448 537 440 359 427 613 272 300 713 288 453 344 487 339 334 298 379 314 330 347 0 301 621 493 440 322 373 345 583 498 258 297 580 530 426 361 501 655 686 313 470 485 441 293 625 628 359 447 182 314 337 3401 
618 433 783 548 131 149 475 501 496 581 605 670 235 251 768 137 308 537 454 540 574 311 348 157 464 545 480 266 578 308 0 773 316 670 488 441 565 651 566 118 80 732 760 250 184 569 479 510 543 538 553 671 117 449 833 427 270 412 480 161 3225 
267 531 181 379 859 816 1203 1229 1224 408 638 369 829 979 71 823 770 1265 480 612 313 1039 809 885 490 427 465 800 310 635 853 0 1044 323 439 740 500 525 536 810 848 156 208 978 912 630 1207 1238 345 642 646 291 845 1177 72 726 998 610 471 889 2996 
631 450 794 560 287 344 268 294 289 592 616 683 382 65 779 332 379 330 466 552 587 4 419 242 476 556 492 409 590 325 315 784 0 683 499 452 576 663 578 313 304 743 773 75 133 580 271 303 560 550 565 684 294 241 844 439 63 429 492 185 3136 
120 313 305 153 640 597 985 1011 1006 233 534 224 610 760 271 605 551 1046 261 393 129 820 591 667 271 208 247 581 132 416 634 295 826 0 214 521 281 559 361 591 630 254 187 759 694 498 988 1020 127 467 482 148 626 958 285 508 780 391 252 670 3208 
167 181 356 60 538 492 882 909 903 139 421 219 479 658 342 503 419 944 82 213 123 718 459 565 92 92 67 450 127 387 532 346 724 219 0 341 238 468 248 489 528 306 309 657 592 385 886 917 97 354 369 220 524 856 406 328 678 348 73 568 3260 
459 336 622 388 410 473 862 888 883 420 443 511 305 637 608 482 332 923 294 380 415 697 372 425 304 384 320 290 419 432 511 612 703 511 327 0 404 490 404 468 473 571 601 636 571 407 865 897 389 376 391 512 443 835 672 65 657 514 320 547 3525 
221 116 309 209 402 359 747 773 768 281 580 272 414 522 295 367 355 808 202 366 177 582 394 429 212 110 222 385 180 178 396 299 588 244 197 410 0 607 409 353 392 259 313 521 456 544 750 782 146 514 529 263 388 720 360 397 542 110 228 432 3213 
443 606 692 446 769 764 1153 1179 1174 332 113 359 665 928 557 773 692 1214 533 638 413 988 731 785 543 527 518 650 410 723 802 528 994 537 451 452 600 0 205 759 798 667 511 927 862 105 1156 1188 446 136 121 436 795 1126 515 438 948 710 524 838 3345 
277 402 559 242 696 671 1060 1086 1081 128 173 201 591 836 503 680 599 1122 329 434 247 896 639 711 339 339 314 576 244 569 710 550 901 371 247 378 434 219 0 667 705 509 419 835 769 136 1064 1095 280 106 121 309 702 1034 488 365 855 544 320 746 3463 
587 402 752 518 130 30 475 501 496 550 574 639 234 250 737 106 277 536 424 510 543 310 317 157 433 514 449 266 547 277 124 742 316 639 457 410 534 621 535 0 120 701 729 249 184 538 478 510 512 507 522 640 117 448 802 396 270 381 450 160 3224 
618 433 783 549 90 149 470 497 491 581 605 670 194 246 768 137 308 532 455 541 574 306 348 116 464 545 480 225 578 308 81 773 311 670 488 441 565 652 566 118 0 732 760 245 180 569 474 505 543 538 553 671 76 444 833 427 265 412 481 156 3220 
346 599 168 440 927 884 1271 1297 1292 486 751 466 897 1047 136 891 838 1333 548 679 392 1107 877 953 558 495 533 868 389 703 921 158 1112 352 500 807 568 671 614 878 916 0 286 1046 980 728 1275 1306 413 721 736 370 913 1245 211 794 1066 678 539 957 3071 
144 408 303 255 736 692 1080 1106 1101 284 573 276 706 855 142 700 646 1142 357 488 190 916 686 762 366 303 342 677 187 512 729 200 921 199 316 616 376 501 413 686 725 253 0 855 789 549 1083 1115 222 519 534 168 722 1053 145 603 875 487 347 765 3178 
588 406 751 517 213 270 225 251 246 549 573 639 309 29 736 259 336 287 423 509 544 73 375 168 433 513 449 340 547 282 241 741 69 640 456 409 533 620 534 240 230 700 730 0 60 537 228 260 517 506 522 641 221 198 801 396 20 386 449 111 3062 
653 472 816 582 181 210 290 317 311 614 639 705 285 66 802 199 370 352 488 574 610 126 409 146 498 578 514 316 613 347 181 807 131 706 521 474 598 685 600 180 170 766 795 65 0 603 294 325 583 572 587 706 167 264 867 461 85 451 514 51 3040 
377 502 660 342 664 659 1048 1074 1069 228 36 301 560 823 589 668 587 1109 429 534 348 883 626 679 439 439 414 544 345 618 697 611 889 472 347 346 534 82 100 654 693 609 519 822 757 0 1051 1083 380 31 16 409 689 1021 558 333 843 644 420 733 3428 
569 397 812 558 425 382 132 158 153 622 646 621 468 323 795 389 409 194 483 582 525 341 449 451 493 573 509 439 529 321 419 802 337 621 516 482 527 693 608 376 414 761 711 293 353 610 0 31 494 580 595 622 411 162 809 469 275 363 509 405 3150 
538 366 780 526 393 350 100 127 121 591 615 590 437 292 763 358 377 162 452 550 494 310 417 420 461 542 477 408 497 289 387 771 305 590 485 451 495 661 576 344 383 730 680 262 322 579 100 0 463 548 563 591 380 131 778 437 244 332 478 373 3119 
74 185 279 63 513 470 857 884 878 134 436 126 483 633 265 478 424 919 132 264 31 693 463 539 142 79 118 454 34 289 507 269 698 127 92 392 154 461 263 464 502 229 217 632 566 399 861 892 0 369 384 128 499 831 314 379 652 264 123 543 3183 
346 471 628 311 633 627 1016 1042 1037 197 66 270 528 792 571 636 555 1078 398 503 316 852 595 648 408 408 383 513 313 586 666 618 857 440 316 315 503 113 68 623 661 577 488 791 725 30 1020 1051 348 0 15 377 658 990 556 302 811 613 389 702 3458 
361 486 643 326 648 643 1031 1058 1052 212 51 285 543 807 587 652 570 1093 413 518 331 867 610 663 423 423 398 528 328 602 681 626 873 455 331 330 518 98 84 638 677 593 503 806 741 15 1035 1066 364 15 0 393 673 1005 572 317 827 628 404 717 3443 
53 317 325 164 645 602 989 1015 1010 168 465 148 615 764 244 609 555 1051 266 397 99 825 595 671 276 212 251 586 96 421 639 302 830 144 225 525 286 470 296 595 634 274 160 764 698 433 992 1024 131 402 417 0 631 962 258 512 784 396 257 674 3228 
613 427 777 543 56 143 465 491 486 575 600 664 159 241 763 132 303 527 449 535 569 301 343 82 459 539 475 191 572 303 115 768 306 665 482 426 559 646 561 113 69 727 755 240 174 564 469 500 538 533 548 666 0 439 828 422 260 407 475 151 3209 
594 422 837 583 450 407 157 183 178 647 672 646 493 348 820 415 434 219 508 607 551 366 474 476 518 598 534 464 554 346 444 827 362 647 541 507 552 718 633 401 439 786 737 318 378 635 156 188 520 605 620 648 436 0 834 494 301 388 534 430 2991 
234 498 232 346 826 783 1170 1196 1191 375 592 307 796 946 71 790 737 1232 447 579 280 1006 776 852 457 394 432 767 277 602 820 70 1011 290 406 707 467 516 474 777 815 206 144 945 879 570 1174 1205 312 581 586 258 812 1144 0 693 965 577 438 856 3048 
430 307 593 359 409 444 833 859 854 391 414 482 304 608 579 453 331 895 265 351 387 669 371 424 275 355 291 289 390 403 483 584 674 483 298 47 375 461 376 439 472 543 572 608 542 378 836 868 360 348 363 483 442 806 644 0 628 486 291 518 3497 
567 386 731 496 231 288 204 231 225 529 553 619 326 47 716 276 315 266 402 488 524 65 355 186 412 493 428 346 527 261 259 721 61 620 436 389 513 599 514 257 248 680 710 17 77 517 208 239 497 486 501 621 238 178 781 375 0 365 428 129 3080 
245 224 488 234 418 375 762 788 783 305 606 297 470 538 471 382 410 824 303 435 201 598 450 444 313 250 288 441 205 194 412 478 603 297 263 483 203 631 433 369 407 437 387 537 471 570 766 797 170 540 555 298 404 736 485 470 557 0 294 448 3391 
197 173 386 126 530 484 874 901 895 205 487 249 471 650 372 495 411 936 74 205 153 710 451 556 83 122 17 442 157 408 524 376 715 249 65 333 229 533 314 481 519 336 339 649 583 451 878 909 127 420 435 250 516 848 437 320 669 339 0 560 3290 
658 473 823 589 160 189 338 364 359 621 645 710 263 113 808 177 348 399 495 581 614 173 388 186 504 585 520 295 618 348 160 813 179 710 528 481 605 692 606 158 149 772 800 112 47 609 341 373 583 578 593 711 146 311 873 467 133 452 521 0 3087 
3249 3129 3093 3289 3016 3113 2864 2890 2885 3327 3378 3249 3111 2951 3156 3115 3141 2925 3215 3313 3257 3011 3180 2971 3225 3305 3241 3143 3261 3052 3098 3084 3016 3304 3248 3214 3259 3306 3339 3096 3054 3151 3158 2950 2916 3342 2863 2894 3226 3311 3326 3261 3024 2785 3123 3200 2970 3095 3241 2968 0 
# afternoon/PM travel time matrix between customers (incl. depot as last customer) [int** t_travelPM]
0 284 305 113 628 578 1008 1036 1031 145 488 139 654 759 227 586 565 1072 228 386 47 818 605 654 238 170 210 620 44 387 619 285 823 123 174 509 242 513 278 575 614 253 144 762 687 438 1022 1054 81 395 416 54 611 996 242 495 786 355 217 657 3461 
213 0 296 183 405 354 785 812 807 264 558 269 370 535 280 363 280 848 90 56 167 594 320 430 100 101 116 335 171 266 396 285 599 230 121 315 81 622 348 351 391 244 301 538 463 508 799 830 135 465 486 251 388 773 347 301 562 194 116 433 3451 
369 647 0 470 992 942 1372 1400 1394 514 801 490 1018 1123 154 950 928 1435 591 749 416 1181 968 1018 601 534 574 983 413 751 983 159 1186 378 530 872 605 714 647 938 978 139 307 1125 1050 767 1386 1417 445 764 784 393 975 1344 221 858 1149 719 580 1020 3324 
125 271 359 0 632 582 1012 1040 1035 143 466 181 639 763 343 590 550 1075 147 305 80 821 590 658 157 114 129 605 83 391 623 348 827 168 60 427 245 530 256 578 618 307 269 765 690 416 1026 1058 85 374 394 179 615 1000 368 413 789 359 135 660 3514 
651 467 850 597 0 158 504 532 526 627 789 707 128 255 834 146 321 567 502 610 606 313 361 74 512 596 528 161 609 327 129 839 319 701 536 446 602 853 689 128 82 798 795 257 196 739 518 549 573 696 717 705 51 492 893 465 281 433 528 166 3605 
605 421 803 551 173 0 553 580 575 580 742 661 278 304 788 143 272 616 456 564 559 362 312 199 466 550 482 312 563 281 164 793 367 655 490 415 556 806 643 34 159 751 749 306 231 692 567 598 527 650 671 659 156 541 847 419 330 387 482 201 3674 
503 336 743 488 353 303 0 27 22 565 732 559 431 250 728 311 341 63 421 553 458 268 381 379 431 512 447 396 461 245 344 733 263 553 455 423 454 796 633 300 339 691 647 220 281 682 44 76 425 640 660 557 336 109 745 409 201 285 447 332 3486 
586 419 826 572 436 386 137 0 159 648 815 642 514 333 811 394 424 35 504 637 541 351 464 462 514 596 530 479 544 329 427 816 346 636 538 506 538 879 716 383 422 774 730 303 364 765 135 166 508 723 743 640 419 154 829 492 284 368 530 416 3531 
514 347 755 500 365 314 11 5 0 577 743 570 442 261 739 323 353 40 432 565 469 279 392 390 442 524 458 408 472 257 356 744 275 564 466 434 466 807 644 311 351 703 659 231 292 693 56 87 436 651 672 568 348 121 757 420 212 296 459 344 3497 
162 344 447 128 685 634 1065 1092 1087 0 342 179 652 816 389 643 562 1128 219 377 131 874 602 710 229 228 201 617 128 471 676 436 879 256 132 440 326 406 132 631 671 395 306 818 743 292 1079 1110 165 250 271 192 668 1053 404 426 842 439 207 713 3601 
440 592 725 393 787 758 1188 1216 1210 278 0 356 677 939 628 766 686 1251 484 625 409 997 726 801 494 493 466 661 406 714 799 669 1002 534 397 403 604 112 147 754 794 673 577 941 866 45 1202 1233 443 77 62 451 791 1176 599 389 965 717 472 836 3676 
139 345 424 174 689 639 1069 1097 1092 169 406 0 715 820 353 647 626 1133 289 447 108 879 665 715 299 231 271 681 105 448 680 394 884 233 235 570 303 430 197 636 675 372 283 823 748 356 1083 1115 142 314 335 157 672 1057 324 556 847 416 277 717 3507 
745 561 911 692 110 253 598 626 621 721 806 801 0 349 895 240 415 661 596 671 700 407 455 124 606 690 622 33 703 421 223 900 413 795 630 329 696 870 733 222 176 859 889 352 290 756 612 644 667 714 735 799 145 586 962 350 375 527 622 260 3699 
660 475 852 600 235 288 281 309 303 629 791 715 324 0 837 275 401 344 505 613 614 58 441 182 515 599 531 358 618 335 258 842 63 709 539 482 611 855 692 258 247 800 804 34 70 741 295 326 581 699 720 714 243 269 902 468 58 442 531 121 3473 
214 498 168 328 843 792 1223 1250 1245 359 646 335 869 974 0 801 779 1286 442 600 262 1032 819 869 452 385 425 834 258 601 834 74 1037 269 388 723 456 580 492 789 829 142 153 976 901 612 1237 1268 295 610 629 238 826 1211 75 709 1000 569 431 871 3308 
623 439 822 570 197 174 577 605 600 599 761 679 303 328 806 0 293 641 474 582 578 387 333 223 484 568 500 337 581 299 188 811 392 673 508 436 575 825 662 144 183 770 768 331 256 711 591 623 545 668 689 677 180 565 866 438 355 405 500 226 3699 
500 394 673 421 566 515 946 973 968 450 621 556 533 696 657 524 0 1009 326 434 454 755 39 591 335 420 352 498 458 471 557 663 760 550 359 259 458 685 513 512 552 621 644 699 624 571 960 991 427 529 549 554 549 934 724 245 723 572 352 594 3829 
551 383 791 536 401 350 101 129 124 613 780 606 478 297 775 359 389 0 469 601 505 316 429 427 479 560 495 444 509 293 392 780 311 600 503 470 502 844 680 347 387 739 695 268 329 730 99 131 473 687 708 605 384 119 793 456 248 333 495 380 3496 
227 184 410 148 585 535 965 993 987 230 553 283 552 716 394 543 463 1028 0 217 182 774 503 611 9 147 79 518 185 428 576 399 779 277 87 340 242 617 343 531 571 358 371 718 643 503 979 1010 154 460 481 281 568 953 461 326 742 356 79 613 3565 
179 78 262 126 423 372 803 830 825 208 531 234 448 554 246 381 359 866 117 0 133 612 399 448 127 67 100 414 137 181 414 251 617 196 65 388 47 595 321 369 409 210 266 556 481 481 817 848 101 438 459 217 406 791 313 374 580 160 106 451 3417 
45 236 315 66 581 530 961 988 983 107 450 101 606 712 273 539 517 1024 180 338 0 770 557 606 190 123 163 572 3 339 572 304 775 125 126 461 194 475 240 527 567 263 189 714 639 400 975 1006 33 358 378 99 564 949 287 447 738 307 169 609 3471 
670 486 863 611 299 352 291 319 314 640 802 726 389 64 847 339 411 355 515 623 625 0 451 246 525 609 541 422 628 346 323 852 5 720 549 492 621 866 703 322 311 811 814 80 134 752 305 337 592 709 730 724 307 279 912 479 69 452 541 185 3537 
460 355 633 381 526 475 906 933 928 410 581 516 493 657 617 484 403 969 286 394 414 715 0 551 296 380 312 458 418 431 517 623 720 510 320 219 418 645 473 472 512 581 604 659 584 531 920 951 387 489 510 514 509 894 684 205 683 532 312 554 3789 
703 519 901 649 86 210 476 504 499 678 840 758 142 227 885 197 373 539 554 662 657 285 413 0 564 648 580 175 661 378 180 891 291 752 588 460 654 904 741 180 134 849 847 230 189 790 490 522 625 748 769 757 102 464 945 481 253 485 580 217 3577 
248 205 430 168 605 555 985 1013 1008 250 573 303 572 736 414 563 483 1048 20 238 202 794 523 631 0 167 99 538 206 448 596 419 800 297 107 360 262 637 363 551 591 378 392 738 663 523 999 1031 174 481 501 302 588 973 481 347 762 376 99 633 3586 
163 259 262 119 637 587 1017 1045 1040 225 555 219 627 768 247 595 537 1080 134 292 118 826 577 663 144 0 116 592 121 396 628 252 832 197 89 415 251 593 345 584 623 210 267 771 696 505 1031 1063 90 463 484 217 620 1005 313 401 794 364 123 665 3418 
196 197 378 117 597 547 977 1005 1000 198 522 252 565 728 363 555 475 1041 72 230 150 787 515 623 82 116 0 530 154 429 588 368 792 246 56 353 255 585 312 544 583 326 340 731 656 471 991 1023 123 429 450 250 580 965 429 339 755 368 19 625 3534 
755 581 877 676 144 287 633 660 655 705 773 811 34 384 861 274 438 696 581 637 709 442 477 159 590 675 607 0 713 456 258 866 447 805 614 296 662 837 701 257 211 825 882 386 325 723 647 678 682 681 702 809 180 621 928 317 410 562 607 294 3733 
42 239 318 69 584 533 964 992 986 104 446 97 610 715 269 542 520 1027 183 341 3 773 560 610 193 126 166 575 0 343 575 308 778 128 129 464 197 471 237 530 570 266 186 717 642 396 978 1009 37 354 375 96 567 952 284 450 741 310 172 612 3474 
404 219 644 389 326 276 706 734 729 466 713 459 406 457 628 284 316 769 305 491 358 515 356 352 315 399 331 371 362 0 317 633 521 453 339 404 355 777 563 273 312 592 548 460 385 663 720 752 325 621 642 458 309 694 646 390 483 186 331 354 3799 
645 461 844 591 137 152 517 544 539 621 783 701 242 268 828 140 315 580 496 604 600 326 355 163 506 590 522 276 603 321 0 833 331 695 530 458 596 847 683 122 80 792 789 270 195 733 531 562 567 690 711 699 120 505 887 459 294 427 522 165 3638 
273 557 186 387 902 852 1282 1310 1304 419 686 376 928 1033 71 860 838 1345 501 659 321 1091 878 928 511 444 484 893 318 661 893 0 1096 328 447 782 515 572 549 848 888 159 212 1035 960 653 1296 1327 355 666 670 297 885 1270 73 768 1059 629 490 930 3249 
665 481 858 605 302 354 286 314 309 635 797 720 391 69 842 342 406 349 510 618 619 4 446 249 520 604 536 425 623 341 325 847 0 715 544 487 616 861 697 324 313 806 809 75 136 747 300 332 587 704 725 719 309 274 907 473 63 447 536 188 3539 
125 335 308 158 680 629 1060 1087 1082 243 585 236 706 811 271 638 616 1123 279 437 135 869 656 706 289 222 262 671 138 438 671 298 874 0 218 560 293 610 375 626 666 256 188 813 738 535 1074 1105 132 493 514 153 663 1048 286 546 837 406 268 708 3464 
176 211 358 61 612 561 992 1019 1014 142 466 231 579 743 342 570 489 1055 86 244 130 801 529 637 96 95 69 544 134 408 603 347 806 225 0 367 263 529 256 558 598 306 320 745 670 415 1006 1037 102 373 394 230 595 980 409 353 769 376 75 640 3514 
504 399 677 425 442 519 930 958 953 454 580 560 332 681 661 528 342 994 330 438 458 740 381 457 340 424 356 316 462 475 555 667 745 554 364 0 462 644 508 516 509 625 648 684 622 530 944 976 431 488 509 558 477 918 728 66 708 576 356 592 3833 
223 127 306 209 426 376 806 834 829 286 628 279 497 557 290 384 408 869 213 399 178 615 448 452 222 112 229 463 181 185 417 296 621 240 201 437 0 653 418 373 412 254 311 560 485 578 820 852 145 536 557 261 409 794 357 423 583 113 235 454 3462 
460 665 744 466 878 849 1279 1307 1301 351 145 373 768 1030 589 857 777 1342 557 698 430 1088 817 892 567 553 539 752 427 770 890 576 1094 555 470 494 624 0 238 845 885 692 545 1032 957 136 1293 1324 464 169 153 450 882 1267 552 480 1056 737 545 927 3564 
292 444 577 245 770 720 1150 1178 1173 130 209 208 663 901 520 728 648 1214 336 477 262 960 688 788 346 345 318 648 258 601 761 566 965 387 249 389 456 273 0 717 756 525 436 904 829 159 1164 1196 295 117 138 322 753 1138 505 375 928 569 325 798 3689 
614 430 813 560 139 30 519 546 541 590 752 670 244 270 797 109 284 582 465 573 569 328 324 164 475 559 491 278 572 290 130 802 333 664 499 427 565 816 652 0 125 761 758 272 197 702 533 564 536 659 680 668 122 507 856 428 296 396 491 167 3640 
644 460 842 590 94 151 510 538 533 619 781 699 199 261 826 138 314 573 495 603 598 319 354 120 505 589 521 233 602 319 81 832 325 693 529 457 595 845 682 121 0 790 788 264 189 731 524 556 566 689 710 698 77 498 886 458 287 426 521 158 3632 
351 624 173 446 968 918 1348 1376 1371 496 783 472 994 1099 136 926 905 1412 568 726 399 1158 945 994 578 510 550 960 395 727 959 162 1163 355 507 849 582 717 629 915 954 0 290 1102 1027 749 1362 1394 421 747 766 375 951 1336 212 835 1126 695 557 997 3328 
146 430 307 260 775 724 1155 1182 1177 291 603 285 801 906 141 733 711 1218 374 532 194 964 751 801 384 317 357 766 190 533 766 200 969 201 320 655 388 538 424 721 761 255 0 908 833 570 1169 1200 227 542 562 170 758 1143 145 641 932 501 363 803 3402 
625 441 818 565 226 279 246 274 269 595 757 681 315 29 802 266 366 309 470 578 579 77 406 173 480 564 496 349 583 301 249 807 72 675 504 447 576 821 657 249 238 766 769 0 61 707 260 292 547 664 685 679 234 234 867 433 23 407 496 112 3464 
700 516 893 640 190 218 321 349 344 670 832 756 294 72 877 205 380 384 545 653 654 130 420 152 555 639 571 328 658 376 188 882 136 750 579 522 651 896 732 187 176 841 844 75 0 782 335 367 622 739 760 754 173 309 942 508 98 482 571 51 3443 
394 547 679 347 741 712 1142 1170 1165 232 50 311 631 893 605 720 640 1206 438 580 364 952 680 756 448 447 421 616 361 668 753 646 957 489 352 357 558 114 102 709 748 627 538 896 821 0 1156 1188 398 32 16 425 745 1130 576 343 920 671 427 791 3678 
586 418 826 571 436 386 136 164 159 648 815 642 514 333 810 394 424 200 504 636 540 351 464 462 514 595 530 479 544 328 427 816 346 636 538 505 537 879 716 382 422 774 730 303 364 765 0 31 508 722 743 640 419 168 828 491 284 368 530 415 3545 
555 387 795 540 405 354 105 133 127 617 783 610 482 301 779 363 393 168 473 605 509 319 433 430 482 564 499 448 513 297 396 784 315 604 506 474 506 847 684 351 391 743 699 271 332 733 103 0 476 691 712 609 388 137 797 460 252 336 499 384 3514 
78 202 286 63 547 496 927 955 949 140 483 133 573 678 270 505 483 990 145 303 32 736 523 573 155 87 127 538 36 306 538 275 741 127 100 425 160 507 273 493 533 234 222 680 605 433 941 972 0 390 411 132 530 915 320 411 704 273 133 575 3442 
362 514 647 315 709 680 1110 1138 1132 200 92 278 599 861 589 688 608 1173 406 547 331 919 648 723 416 415 388 583 328 636 721 636 925 456 319 325 526 156 69 676 716 595 506 863 788 42 1124 1155 365 0 20 392 713 1098 575 311 887 639 394 758 3720 
378 530 663 331 725 696 1126 1154 1148 216 71 294 615 877 605 704 624 1189 422 563 347 935 664 739 432 431 404 599 344 652 737 652 940 472 335 341 542 135 85 692 732 611 522 879 804 21 1140 1171 381 15 0 408 729 1114 591 327 903 655 410 774 3699 
54 338 328 168 683 632 1063 1090 1085 170 495 152 708 813 245 641 619 1126 282 440 101 872 659 708 292 224 264 674 98 441 674 304 877 145 228 563 296 512 303 629 669 276 162 816 741 461 1077 1108 135 421 441 0 666 1051 260 549 840 409 271 711 3483 
641 457 839 587 61 148 507 535 530 616 778 696 167 258 824 135 311 571 492 600 595 317 351 87 502 586 518 200 599 317 119 829 322 691 526 454 592 842 679 118 72 787 785 261 186 728 521 553 563 686 707 695 0 495 883 455 285 423 518 155 3618 
608 440 848 593 458 407 158 186 181 670 837 663 535 354 832 416 446 221 526 658 562 372 486 484 536 617 552 501 566 350 449 837 368 657 560 527 559 900 737 404 444 796 752 324 386 786 156 188 529 744 765 662 441 0 850 513 305 390 552 437 3377 
237 522 238 351 866 816 1246 1274 1269 383 623 312 892 997 70 824 802 1309 466 624 285 1055 842 892 476 408 448 858 282 625 857 70 1061 293 412 746 480 555 486 813 852 212 145 1000 925 590 1260 1292 319 603 606 262 849 1234 0 733 1023 593 454 894 3302 
476 370 649 396 443 491 921 949 944 426 552 531 333 672 633 499 343 984 301 409 430 730 383 458 311 395 327 317 434 447 532 638 736 525 335 49 434 616 479 487 510 597 620 674 599 502 935 967 402 459 480 530 478 909 700 0 698 547 327 569 3804 
601 417 794 542 245 298 222 250 245 571 733 657 335 49 778 285 342 286 446 554 555 67 382 192 456 540 472 368 559 277 269 783 62 651 480 423 552 797 634 268 257 742 745 19 80 683 236 268 523 640 661 655 253 210 843 409 0 383 472 131 3483 
258 241 498 243 442 391 822 849 844 320 663 314 521 573 483 400 432 885 325 483 213 631 472 467 335 267 307 487 216 200 433 488 636 308 280 519 209 688 453 388 428 446 402 575 500 613 836 867 180 571 591 312 425 810 500 505 599 0 314 470 3654 
206 201 389 127 601 551 981 1009 1004 209 532 262 569 732 373 559 479 1044 76 234 161 790 519 627 86 126 17 534 164 439 592 378 796 256 66 357 259 596 322 548 587 337 350 735 660 482 995 1027 133 439 460 260 584 969 440 343 758 372 0 629 3544 
689 505 888 635 169 196 375 403 397 665 827 745 275 126 872 184 359 438 540 648 644 184 399 195 550 634 566 308 647 365 167 877 190 739 574 502 641 891 727 166 155 836 833 128 53 777 389 420 611 734 755 743 152 363 932 503 152 471 566 0 3496 
3391 3365 3274 3481 3257 3332 3083 3111 3105 3476 3629 3394 3347 3187 3319 3341 3371 3146 3450 3583 3414 3245 3410 3204 3460 3537 3476 3380 3411 3275 3337 3273 3250 3446 3484 3452 3484 3483 3567 3329 3296 3341 3298 3189 3149 3607 3081 3112 3448 3640 3624 3404 3265 3004 3262 3438 3213 3314 3477 3200 0 
# average travel time matrix between customers (incl. depot as last customer) [int** t_travel]
0 282 304 115 640 585 989 1016 1010 145 476 136 624 760 230 596 552 1050 223 366 48 820 592 665 233 168 207 586 45 395 627 288 825 123 175 497 246 499 277 584 623 252 145 761 691 436 995 1026 86 402 418 55 622 966 246 482 783 365 213 663 3312 
209 0 294 182 399 342 748 774 769 263 500 261 341 519 277 354 269 808 90 56 163 579 309 424 100 100 117 303 167 269 386 287 584 228 121 311 80 554 344 342 382 241 301 520 450 458 753 785 131 424 441 249 381 725 347 297 541 200 116 421 3302 
366 645 0 472 1003 947 1352 1378 1373 511 792 489 987 1123 152 958 914 1412 585 729 414 1182 954 1028 595 530 570 949 411 757 989 162 1187 384 532 859 608 714 642 946 986 139 305 1123 1053 765 1357 1389 448 768 779 391 984 1311 222 844 1145 728 575 1025 3172 
122 255 354 0 636 581 985 1011 1006 144 457 173 595 756 338 591 523 1045 143 286 76 816 563 661 153 112 127 558 79 394 623 347 821 165 60 417 245 511 255 579 619 302 267 757 687 414 991 1022 85 381 397 176 618 962 368 402 778 364 133 659 3362 
646 458 811 580 0 159 484 510 505 615 682 698 141 255 795 147 320 544 485 573 601 315 360 75 495 577 512 174 604 325 129 804 320 697 520 436 586 737 623 129 83 759 789 256 193 640 490 521 570 606 623 701 52 462 861 452 277 436 512 165 3425 
599 411 763 534 175 0 524 550 545 568 635 651 294 295 747 142 270 584 438 525 553 355 310 200 448 530 465 299 557 278 161 756 360 650 473 412 539 689 576 34 158 710 741 296 226 593 529 561 523 559 576 654 157 501 814 411 317 389 465 198 3477 
509 329 745 492 358 303 0 26 21 559 628 561 409 249 728 313 337 60 412 528 463 267 377 383 422 504 439 371 466 245 345 738 262 559 447 419 463 682 569 301 341 692 654 218 280 586 44 76 431 552 568 564 340 111 754 405 200 293 439 331 3306 
587 407 823 571 437 381 132 0 153 638 706 639 488 327 806 392 416 34 491 607 542 346 456 462 501 583 518 450 545 324 423 817 341 638 526 498 542 761 648 380 420 771 733 297 358 665 131 162 510 631 647 642 418 151 833 484 279 372 518 411 3346 
520 340 756 504 369 314 11 5 0 570 639 572 421 260 739 325 349 39 424 539 474 278 389 394 434 515 450 383 477 256 356 749 274 570 458 430 474 693 581 313 353 703 665 230 291 597 56 87 442 563 580 575 351 123 766 416 211 304 451 343 3317 
159 329 442 129 687 631 1036 1062 1057 0 332 172 632 808 388 643 560 1096 217 360 127 867 600 712 227 227 201 594 124 474 674 435 872 253 134 432 326 387 131 631 671 389 304 808 738 291 1042 1073 165 257 273 187 669 1014 404 417 830 445 207 710 3449 
435 566 718 393 766 756 1161 1187 1182 276 0 354 658 932 635 768 666 1221 480 598 404 992 706 780 490 490 464 631 400 714 799 652 997 530 397 407 599 99 146 756 795 665 577 933 863 43 1167 1198 441 76 60 453 789 1139 605 393 955 719 470 835 3562 
140 344 424 176 701 646 1050 1077 1072 170 396 0 685 822 356 657 613 1111 284 427 109 881 653 727 294 229 268 648 106 456 688 398 887 235 236 557 307 423 195 645 685 371 286 822 752 354 1056 1088 147 320 337 157 683 1027 327 542 844 427 274 724 3401 
721 538 850 655 127 271 595 622 617 689 684 773 0 367 833 258 424 655 559 611 675 426 464 141 569 643 586 32 678 436 240 843 431 761 593 300 636 738 634 240 194 797 847 367 304 642 601 633 645 608 625 770 163 573 903 322 389 547 586 276 3536 
639 454 810 571 236 287 261 287 282 605 672 691 333 0 794 275 382 321 475 572 593 60 422 185 485 567 502 366 597 320 257 804 65 689 510 464 588 726 614 257 247 758 784 33 70 630 267 298 564 596 613 694 243 238 863 449 54 432 502 122 3282 
213 496 166 328 854 798 1203 1229 1224 359 639 336 838 974 0 809 765 1263 436 579 262 1033 805 879 446 381 421 800 258 608 840 75 1038 268 388 710 459 576 490 797 837 142 152 974 904 612 1209 1240 299 615 626 238 835 1180 75 695 996 579 427 876 3159 
618 429 782 552 200 174 549 575 571 586 654 669 319 320 766 0 291 610 456 544 572 380 332 225 466 548 483 322 575 296 187 775 385 668 491 432 558 708 595 144 183 730 761 321 251 612 555 586 541 577 594 672 182 527 833 430 343 408 483 223 3503 
474 363 639 400 565 509 914 940 935 434 510 526 510 685 622 520 0 974 304 401 428 744 40 590 314 396 331 472 431 466 551 632 750 524 338 249 425 564 448 508 548 586 619 685 615 468 920 951 401 434 451 529 547 891 692 235 707 545 331 588 3647 
554 373 789 537 403 347 98 124 119 604 673 605 454 293 772 358 382 0 457 572 508 312 422 428 467 549 484 417 511 290 389 782 307 604 492 464 508 727 614 346 386 737 699 263 325 631 97 128 476 596 613 609 384 118 799 449 245 338 484 376 3312 
223 172 405 149 569 513 918 945 939 231 514 275 513 689 389 525 441 978 0 203 178 749 481 594 9 145 80 475 181 417 556 399 754 274 88 334 228 569 343 513 552 353 369 690 620 472 924 955 151 438 455 278 551 896 459 319 712 348 80 592 3413 
176 72 261 126 430 374 779 805 800 208 519 227 413 550 244 385 341 839 114 0 130 609 381 455 124 66 99 376 133 184 416 254 614 195 65 377 47 573 320 373 413 208 267 550 480 477 785 816 98 443 460 216 411 756 314 363 572 166 105 453 3268 
46 234 314 67 592 536 941 967 962 107 438 98 576 712 276 548 504 1001 174 318 0 772 544 617 184 120 159 538 3 346 579 307 777 126 127 448 198 461 238 535 576 262 191 713 643 397 947 978 37 364 380 101 574 918 291 434 735 317 165 615 3322 
653 468 825 585 297 348 275 301 296 619 687 705 395 62 808 336 396 336 489 586 607 0 436 247 499 582 516 414 611 335 319 818 5 703 524 478 602 741 628 318 309 772 798 81 132 645 281 312 578 610 627 708 305 252 877 464 69 446 516 183 3344 
434 323 599 359 525 469 874 900 895 394 470 486 469 645 583 480 397 934 264 361 388 704 0 550 274 356 291 431 392 426 511 592 710 484 299 209 385 524 408 468 508 546 579 645 576 428 879 911 361 394 411 489 506 851 652 195 667 505 291 548 3607 
693 505 858 628 85 207 470 496 491 662 729 745 148 241 842 194 368 530 532 620 647 300 407 0 542 625 559 180 651 372 176 852 306 743 567 444 634 784 671 176 130 806 836 242 205 687 475 507 617 653 670 748 99 447 909 466 263 483 559 212 3404 
244 192 426 169 589 533 938 965 960 252 534 295 533 710 409 545 461 998 20 224 198 769 501 615 0 166 100 495 201 437 576 419 775 294 108 354 248 589 363 533 573 373 389 710 640 492 944 976 171 458 475 299 571 916 479 340 732 368 100 612 3434 
158 240 260 116 630 574 979 1006 1001 219 542 210 581 750 243 586 509 1040 128 272 112 810 549 656 138 0 113 543 116 394 617 253 815 194 87 403 246 573 342 574 614 207 266 751 681 500 985 1017 85 467 483 211 612 956 313 388 773 365 119 653 3268 
192 182 373 117 579 523 928 955 950 199 502 244 523 699 357 535 451 989 70 214 145 759 491 605 80 114 0 485 149 424 566 367 764 242 56 344 238 556 311 523 563 321 337 700 630 460 934 966 119 426 443 246 561 905 426 329 722 358 19 602 3381 
703 523 817 630 165 308 633 659 654 664 654 756 38 405 801 296 420 693 534 579 658 464 460 179 544 617 561 0 661 474 278 810 469 744 569 269 604 708 605 278 232 765 823 405 342 612 639 670 629 578 595 753 201 611 870 291 427 585 561 314 3574 
42 238 317 70 595 540 945 971 966 104 435 94 579 715 272 551 507 1004 177 321 3 775 547 621 187 123 163 541 0 350 582 311 780 129 130 452 201 457 235 539 579 265 188 716 646 394 950 981 41 360 377 97 577 922 288 437 738 320 168 618 3325 
407 212 639 386 330 275 679 706 701 465 609 459 386 451 621 286 313 740 296 473 361 510 353 356 306 389 323 348 364 0 317 632 516 457 331 400 361 663 533 274 314 586 552 451 382 567 685 717 329 533 549 462 312 657 653 385 473 191 323 353 3602 
639 451 804 573 141 152 490 516 511 608 675 691 260 261 788 140 313 550 478 566 593 320 353 166 488 570 505 292 597 318 0 797 325 690 513 454 580 729 616 122 80 752 782 261 191 633 495 527 563 599 616 694 122 467 855 452 283 429 505 164 3443 
275 558 187 390 916 861 1265 1291 1286 421 679 381 900 1036 71 871 828 1325 498 642 324 1095 867 941 508 444 483 862 320 670 902 0 1101 330 450 772 521 574 551 859 899 162 214 1036 966 656 1271 1302 361 676 673 300 898 1242 77 757 1058 641 489 939 3101 
648 463 820 580 301 349 270 296 291 614 681 700 399 67 803 340 391 330 484 581 602 4 431 251 494 576 511 413 605 330 322 813 0 698 519 473 597 736 623 322 312 767 793 76 135 639 275 307 573 605 622 703 308 247 872 458 63 441 511 187 3348 
122 331 305 156 688 633 1038 1063 1058 240 571 230 672 808 275 644 600 1097 270 414 132 868 640 714 280 216 256 634 135 442 675 298 873 0 216 545 294 593 371 632 672 252 191 809 739 530 1043 1074 134 496 513 151 670 1015 291 530 831 413 261 711 3313 
171 195 353 61 592 536 941 967 962 143 456 223 536 712 336 548 463 1001 83 226 125 772 503 617 93 93 68 498 129 407 579 346 777 221 0 357 249 510 255 536 576 300 316 713 643 414 947 978 98 380 397 226 574 918 406 342 735 369 73 615 3361 
481 370 646 406 445 509 908 934 929 440 494 533 328 679 629 521 336 968 311 408 435 738 376 460 321 403 338 301 439 467 550 639 744 531 345 0 432 548 444 508 512 593 626 679 614 452 913 945 408 418 434 536 481 885 699 67 701 552 338 586 3654 
219 121 304 205 434 379 783 810 805 281 599 271 462 554 288 390 391 843 205 380 174 614 430 460 215 110 223 425 177 189 421 298 619 239 198 426 0 634 412 378 418 252 311 555 485 557 789 821 142 523 540 259 416 760 357 412 577 120 229 457 3313 
463 635 723 461 842 833 1238 1264 1259 345 128 373 734 1009 575 844 742 1298 548 667 432 1068 782 857 558 549 533 707 429 775 875 559 1074 558 466 484 630 0 222 832 872 691 529 1009 939 120 1243 1275 470 152 136 453 866 1215 535 469 1031 749 539 911 3463 
288 420 571 246 764 715 1120 1146 1141 130 201 207 660 891 518 726 643 1180 333 452 258 951 683 783 343 343 318 633 254 604 757 565 956 383 250 409 453 255 0 715 754 519 434 892 822 159 1126 1157 295 125 142 317 752 1097 507 395 913 572 324 794 3565 
608 419 773 542 141 31 490 516 511 577 644 660 260 261 756 108 282 550 447 534 562 320 322 166 456 539 473 282 565 286 127 766 326 658 481 422 548 698 585 0 124 720 750 261 192 602 495 527 532 567 584 663 123 467 823 420 283 398 473 163 3443 
638 450 803 573 97 151 483 510 504 607 674 690 216 254 786 139 312 543 477 565 592 314 352 122 487 569 504 248 596 316 81 796 319 688 512 453 579 728 615 121 0 750 781 255 185 632 489 520 562 598 615 693 79 460 854 451 276 428 504 157 3437 
351 624 172 450 982 927 1331 1357 1352 496 777 474 966 1102 137 937 894 1392 565 708 400 1162 934 1007 574 510 549 928 396 737 969 166 1167 360 510 838 588 712 628 926 965 0 290 1103 1033 750 1337 1368 428 753 764 376 964 1308 213 824 1125 707 555 1005 3180 
147 429 309 261 787 731 1136 1162 1157 292 598 283 771 907 143 743 699 1196 369 513 195 967 739 812 379 315 354 733 192 541 773 201 972 201 321 643 393 536 423 730 770 261 0 908 838 571 1142 1173 232 549 565 171 769 1113 148 629 930 512 360 810 3274 
606 421 778 538 227 279 228 254 249 572 639 658 324 30 761 266 349 288 442 539 560 76 389 177 452 535 469 351 563 288 248 771 71 656 477 431 555 694 581 248 238 725 751 0 62 598 234 265 531 563 580 661 234 205 830 416 21 399 469 113 3274 
676 491 848 608 193 217 298 324 319 642 710 728 302 69 831 205 378 358 512 609 630 129 418 155 522 604 539 334 634 358 187 841 134 727 547 501 625 764 651 186 177 795 821 70 0 668 304 335 602 633 650 731 175 275 900 486 91 469 539 52 3252 
391 523 675 349 723 713 1118 1144 1139 233 42 310 615 889 611 724 622 1178 436 555 361 949 662 737 446 446 421 588 358 671 755 641 954 487 354 364 556 96 103 713 752 622 537 890 820 0 1124 1155 398 33 17 420 746 1095 583 349 912 675 427 792 3559 
589 409 825 573 438 383 134 160 155 639 708 641 490 329 808 394 418 194 493 608 543 347 458 464 503 584 520 452 547 325 425 818 343 639 527 499 543 763 650 382 422 772 734 299 360 666 0 31 511 632 649 644 420 167 835 485 280 373 520 412 3362 
558 378 794 541 407 351 102 129 123 608 677 610 458 298 776 363 386 162 462 577 512 316 426 432 471 553 488 421 515 294 393 787 311 608 496 468 512 731 618 350 390 741 703 267 329 635 101 0 480 601 617 613 389 136 804 454 249 342 488 381 3330 
78 196 285 63 554 499 903 930 924 139 470 129 538 675 268 510 466 964 135 279 32 734 506 580 145 80 120 500 35 309 541 278 739 128 94 409 160 492 270 498 538 232 223 675 605 429 909 940 0 395 412 133 536 881 323 394 697 279 125 577 3293 
359 491 642 317 690 681 1085 1112 1106 201 76 278 582 857 588 692 590 1146 404 522 328 916 630 705 414 414 388 555 325 638 723 635 921 454 321 331 523 130 70 680 720 589 504 857 787 34 1091 1122 365 0 17 387 714 1063 577 317 879 643 394 759 3593 
375 507 658 333 706 697 1101 1128 1122 216 59 294 598 873 605 708 606 1161 420 538 344 932 646 721 430 430 404 571 340 654 739 649 937 470 337 347 539 114 86 696 736 606 520 873 803 17 1107 1138 382 16 0 404 729 1079 593 333 895 659 410 775 3576 
54 337 326 169 695 639 1044 1070 1065 170 490 149 678 814 248 650 606 1104 277 420 102 875 646 720 287 222 262 641 99 449 681 306 880 145 229 551 301 502 301 638 678 273 163 816 745 459 1049 1081 140 427 443 0 677 1021 264 537 837 420 268 717 3334 
634 445 798 568 61 147 479 505 500 602 670 685 181 250 782 134 308 539 473 560 588 310 348 87 483 565 499 213 591 313 117 792 315 684 507 445 574 724 611 116 71 746 777 251 181 628 485 516 558 594 611 689 0 456 849 446 272 424 499 153 3427 
614 434 850 598 463 408 158 185 180 664 733 666 514 354 833 419 443 219 518 633 568 372 483 489 528 609 545 477 572 350 450 843 368 664 552 524 568 787 675 407 447 797 760 323 385 691 157 189 536 657 674 669 445 0 860 510 305 398 544 437 3200 
239 522 239 354 880 825 1229 1255 1250 385 619 316 864 1000 72 835 792 1289 462 606 288 1060 831 905 472 408 447 826 285 635 867 72 1065 295 414 736 486 554 487 824 863 214 147 1001 931 592 1235 1266 325 612 609 264 862 1206 0 722 1022 605 453 903 3154 
454 343 619 379 450 489 894 920 915 413 467 506 333 664 602 500 341 954 284 380 408 724 381 465 294 376 310 306 412 446 531 612 730 504 318 52 405 521 417 488 517 567 599 665 595 425 899 931 381 391 407 509 486 871 672 0 687 525 310 567 3627 
584 399 756 516 245 291 206 233 228 551 618 636 343 48 739 284 327 267 420 517 538 67 367 195 430 513 447 352 542 266 267 749 62 635 455 409 533 672 559 266 257 704 730 18 80 576 212 243 510 542 558 639 252 184 808 394 0 377 447 131 3292 
256 235 496 242 449 393 798 823 819 317 649 308 503 569 479 404 431 858 314 457 211 628 471 474 324 259 298 466 214 203 435 489 633 307 273 517 211 671 449 392 432 443 402 569 499 608 803 835 179 574 591 311 430 775 502 503 591 0 304 471 3504 
202 186 384 127 583 527 933 959 954 210 511 254 527 704 367 539 455 993 74 218 156 763 495 609 84 124 17 489 159 430 570 377 769 252 66 348 243 565 321 527 567 332 347 705 634 469 938 970 129 434 451 257 565 910 437 334 726 362 0 606 3392 
682 494 847 617 172 195 350 376 371 651 718 734 291 121 831 183 356 410 521 609 636 180 396 197 531 613 548 323 640 361 165 840 186 733 556 497 623 773 659 165 155 795 825 121 51 676 355 387 606 642 659 737 154 327 898 495 143 472 548 0 3303 
3367 3370 3239 3444 3265 3343 3095 3121 3115 3452 3570 3370 3363 3191 3288 3353 3379 3154 3445 3569 3388 3251 3418 3215 3455 3486 3458 3388 3387 3286 3343 3225 3256 3422 3451 3460 3483 3456 3515 3339 3304 3293 3274 3192 3156 3548 3093 3124 3405 3560 3554 3381 3273 3020 3240 3446 3214 3334 3460 3208 0 
# max. deviation of (average) travel time matrix between customers (incl. depot as last customer) [int** t_travel_maxDev]
0 17 1 4 60 43 34 32 33 5 23 3 32 50 6 48 36 29 5 20 3 50 37 59 5 6 6 34 2 34 48 6 50 1 3 12 17 17 6 49 52 2 4 49 50 28 28 28 12 33 31 2 54 30 9 13 48 33 6 48 149 
4 0 4 1 35 19 37 38 38 2 58 8 29 25 6 24 20 40 1 0 4 25 20 34 1 1 0 32 4 13 23 1 25 4 0 7 1 68 4 25 27 6 1 24 25 50 46 45 4 41 45 3 29 48 1 5 24 14 1 23 149 
4 25 0 17 68 51 42 40 41 9 19 8 40 57 2 57 45 37 12 20 7 59 45 66 12 14 14 34 7 42 56 11 59 19 16 20 26 46 11 58 59 7 3 58 58 21 36 36 20 37 24 5 63 33 9 19 57 41 14 56 152 
3 16 5 0 48 31 27 29 29 3 24 8 44 38 5 37 27 30 4 19 4 38 27 47 4 2 2 47 4 28 36 4 38 3 0 10 11 23 5 39 40 5 6 37 38 27 35 36 6 31 30 4 42 38 10 11 37 27 2 36 152 
18 10 39 17 0 7 20 22 21 17 107 14 29 12 39 5 6 23 17 37 15 12 6 2 17 19 16 29 15 9 4 35 13 16 16 35 16 116 66 5 4 39 17 11 5 99 28 28 19 90 94 21 4 30 32 26 11 22 16 3 180 
13 10 40 17 11 0 29 30 30 12 107 10 40 9 41 1 2 32 18 39 11 7 2 10 18 20 17 13 10 4 3 37 7 11 17 4 17 117 67 0 3 41 10 10 5 99 38 37 14 91 95 16 5 40 33 12 13 17 17 3 197 
23 7 12 17 16 0 0 1 1 9 104 19 22 2 10 5 4 3 9 25 21 3 4 15 9 8 8 25 21 2 4 19 3 22 8 12 23 114 64 6 8 10 28 2 3 96 0 0 21 88 92 26 10 6 33 10 2 15 8 5 180 
18 12 7 11 10 5 5 0 6 10 109 14 26 6 5 2 8 1 13 30 15 5 8 9 13 13 12 29 15 5 4 13 5 16 12 8 17 118 68 3 2 4 22 6 6 100 4 4 15 92 96 21 5 3 27 8 5 10 12 5 185 
23 7 12 16 16 0 0 0 0 9 104 19 21 2 10 4 4 1 8 26 21 3 3 15 8 9 8 25 21 2 4 19 2 22 8 12 23 114 63 5 7 10 28 2 4 96 0 0 21 88 92 26 10 5 32 10 2 16 8 4 180 
5 15 5 4 56 39 30 30 30 0 21 7 35 45 12 44 40 32 2 17 4 46 40 55 2 1 2 23 4 35 44 12 46 7 3 10 18 19 2 45 47 6 10 45 46 23 37 37 13 28 26 5 50 39 15 9 44 34 2 43 152 
9 26 9 7 38 54 45 43 44 4 0 7 36 60 29 59 20 40 4 27 8 61 20 38 4 4 6 30 8 54 58 17 61 11 7 22 18 13 3 60 62 8 17 60 60 2 38 38 18 1 2 15 56 37 29 20 59 33 5 58 114 
7 19 6 7 63 46 37 35 35 5 21 0 35 52 12 51 40 32 7 20 6 53 40 61 7 9 9 33 5 37 51 18 53 9 6 13 20 21 2 53 54 4 11 52 53 23 31 30 15 28 25 2 58 30 15 14 51 35 9 51 106 
24 23 61 37 39 45 36 33 34 32 122 28 0 51 62 45 29 31 37 60 25 52 29 39 37 47 36 1 25 48 43 57 52 34 37 29 60 132 99 45 44 62 42 51 45 114 29 29 22 106 110 29 44 28 59 28 50 61 36 42 163 
21 21 42 29 13 7 20 22 21 24 119 24 24 0 43 6 19 23 30 41 21 0 19 11 30 32 29 23 21 15 4 38 0 20 29 18 23 129 78 6 7 42 20 1 1 111 28 28 17 103 107 20 12 31 39 19 4 10 29 1 191 
3 19 3 7 62 46 36 35 35 7 18 6 34 52 0 51 40 32 7 21 5 53 40 61 7 9 8 34 5 37 51 2 53 1 6 14 20 30 9 53 54 5 1 52 53 19 30 30 15 36 22 4 57 31 1 14 51 35 8 51 149 
12 10 40 18 12 2 28 30 29 13 107 10 40 8 40 0 2 31 18 38 9 7 1 10 18 20 17 15 10 3 1 36 7 11 17 5 17 117 67 1 3 40 11 10 5 99 36 37 13 91 95 15 6 38 33 14 12 16 17 3 196 
26 31 34 21 46 30 32 33 33 16 111 30 26 36 35 35 0 35 22 33 26 37 0 45 21 24 21 26 27 31 35 31 37 26 21 10 33 121 65 37 38 35 25 36 37 103 40 40 26 95 98 25 41 43 32 10 35 27 21 34 182 
20 10 10 14 13 3 3 5 5 9 107 17 24 4 8 2 7 0 12 29 18 4 7 12 12 11 11 27 18 3 3 17 4 19 11 9 20 117 66 3 5 7 25 5 4 99 2 3 18 91 95 23 8 1 30 8 3 13 11 4 184 
4 12 5 1 37 22 47 48 48 6 39 8 39 27 5 25 22 50 0 14 4 27 22 35 0 2 1 43 4 11 24 0 27 3 2 7 14 48 7 26 28 5 5 28 26 31 55 55 3 22 26 4 31 57 2 7 30 13 1 24 152 
3 6 3 0 40 24 24 25 25 4 20 7 35 30 6 29 18 27 3 0 3 31 18 39 3 1 1 38 4 15 29 1 31 3 0 11 0 22 5 30 32 5 1 30 31 22 32 32 3 27 24 2 35 35 0 11 29 16 1 28 149 
2 14 1 1 57 40 31 29 30 2 21 3 30 47 8 45 33 26 6 20 0 47 34 56 6 3 4 34 0 32 45 8 47 2 0 13 14 15 4 47 48 1 7 46 47 26 28 28 9 30 29 5 51 31 12 13 45 30 4 44 149 
17 18 38 26 12 5 16 18 18 21 115 21 22 2 39 5 15 19 26 37 18 0 15 9 26 27 25 8 17 11 4 34 0 17 25 14 19 125 75 5 5 39 16 0 2 107 24 25 14 99 103 16 11 27 35 15 0 6 25 2 193 
26 32 34 22 46 29 32 33 33 16 111 30 26 36 34 35 31 35 22 33 26 37 0 45 22 24 21 27 26 30 35 31 36 26 21 10 33 121 65 36 38 35 25 36 36 103 41 40 26 95 99 25 41 43 32 10 35 27 21 34 182 
16 14 43 21 1 4 22 21 21 16 111 13 12 38 43 4 5 18 22 42 14 39 6 0 22 23 21 13 13 7 4 39 38 15 21 20 20 120 70 4 4 43 15 37 38 103 16 16 17 95 99 19 3 17 36 23 37 20 21 5 173 
4 13 4 2 37 22 47 48 48 6 39 8 39 26 5 25 22 50 0 14 4 27 22 35 0 1 1 43 5 12 25 0 26 3 2 7 14 48 7 26 28 5 5 28 27 31 55 55 3 23 26 3 31 57 2 7 30 13 1 24 152 
5 19 4 3 40 24 38 39 39 6 21 9 46 30 6 28 28 40 6 20 6 30 28 38 6 0 3 49 5 18 28 1 30 4 2 12 5 20 4 29 31 6 2 29 30 24 46 46 5 28 26 6 34 49 1 13 28 17 4 28 150 
4 15 5 0 35 24 49 50 50 5 20 8 42 29 6 23 24 52 2 16 5 28 24 33 2 2 0 45 5 13 23 1 28 4 0 9 17 29 6 24 26 5 3 31 26 11 57 57 4 12 10 4 29 60 3 10 33 11 0 23 153 
52 58 60 46 51 58 48 46 47 41 119 55 12 63 60 57 18 43 47 58 51 64 17 51 46 58 46 0 52 60 55 56 64 61 45 27 58 129 96 57 56 60 59 63 57 111 41 42 53 103 107 56 56 40 58 26 62 73 46 54 159 
2 14 1 1 58 40 31 29 30 2 21 3 31 47 9 46 34 27 6 20 0 48 34 55 6 3 3 34 0 31 45 7 48 3 0 12 15 15 4 47 48 1 6 47 47 26 28 28 9 31 28 5 52 30 12 13 46 31 4 45 149 
21 7 5 7 27 9 27 28 28 15 104 17 20 16 7 15 10 29 9 18 19 17 10 25 9 10 8 23 19 0 15 9 16 20 8 23 21 114 30 16 18 6 26 16 16 96 35 35 19 88 93 24 21 37 30 21 15 13 8 15 197 
15 10 40 18 12 3 27 28 28 14 108 11 41 7 40 2 3 30 18 38 12 6 3 11 18 20 17 41 12 5 0 36 6 13 17 7 16 118 67 2 0 40 14 9 4 100 36 35 16 91 95 17 7 38 32 16 11 19 17 1 195 
10 26 5 14 69 52 43 42 42 14 32 16 41 59 0 58 46 39 14 17 12 60 47 68 14 15 15 31 12 44 58 0 60 9 13 21 27 50 17 60 61 8 8 59 60 29 37 37 22 43 30 11 64 36 7 20 58 42 15 57 148 
17 18 38 25 13 5 16 18 18 21 116 20 23 2 39 6 15 19 26 37 17 0 15 10 26 28 25 12 18 11 4 34 0 17 25 14 19 125 74 6 7 39 16 0 1 108 25 25 14 99 103 16 12 27 35 15 0 6 25 1 191 
3 12 3 2 55 38 29 28 28 3 21 6 34 45 6 44 32 26 9 23 3 45 32 53 9 6 6 37 3 30 43 2 46 0 2 15 12 17 4 45 46 4 5 45 45 26 31 31 7 31 28 2 50 33 10 16 43 29 7 43 151 
5 16 5 0 33 25 51 52 52 4 25 8 43 31 6 22 26 54 3 18 5 29 26 32 3 2 1 46 5 18 24 1 29 4 0 10 14 23 5 23 24 6 4 32 27 27 59 59 4 32 29 4 27 62 3 11 34 12 2 25 153 
23 29 31 19 37 25 22 24 24 14 86 27 18 38 32 30 6 26 19 30 23 39 5 36 19 21 18 15 23 25 32 28 38 23 19 0 30 96 64 32 42 32 22 38 34 78 31 31 23 70 75 22 42 33 29 3 37 24 18 31 179 
4 6 5 4 39 22 23 24 24 5 29 8 35 29 7 27 17 26 8 19 4 29 18 37 7 2 6 38 4 13 27 1 29 5 3 11 0 19 6 29 30 7 2 28 29 21 31 31 4 13 17 4 33 34 3 11 27 15 6 27 149 
21 30 21 10 37 52 42 43 42 6 17 12 35 58 14 57 35 44 9 31 20 59 35 36 9 16 8 45 19 55 57 17 58 23 9 20 34 0 16 59 60 21 16 58 59 16 50 49 29 17 17 18 54 52 17 19 57 50 7 57 101 
7 24 6 5 61 38 30 32 32 1 19 4 65 44 13 43 39 34 3 25 5 44 39 66 3 2 2 42 5 37 43 13 44 8 4 51 15 18 0 44 46 6 11 43 44 22 38 39 14 26 24 5 49 41 19 49 43 31 2 42 124 
13 11 40 18 11 0 29 30 30 13 108 10 40 9 41 1 2 32 18 39 11 8 2 10 19 20 18 18 11 5 3 36 7 12 18 6 17 118 67 0 3 41 13 11 5 100 38 37 14 92 96 16 5 40 33 15 13 17 18 4 197 
14 10 39 17 8 2 27 28 29 13 107 10 38 7 40 1 2 30 18 38 11 5 2 7 18 20 17 38 11 5 0 36 6 13 17 6 16 117 67 1 0 40 13 9 4 99 35 36 15 91 95 16 3 38 32 15 11 18 17 1 195 
5 25 3 12 68 50 42 41 41 10 20 8 40 58 2 57 44 37 12 18 7 58 45 67 12 14 14 32 7 42 56 10 58 11 11 20 25 34 11 57 60 0 3 57 58 21 35 36 20 38 24 5 62 35 3 18 56 41 14 56 148 
2 20 6 7 63 46 37 35 36 7 20 3 35 52 2 51 39 32 7 19 5 53 39 61 7 8 9 33 5 37 51 2 53 2 6 15 20 31 9 53 54 13 0 52 52 21 30 31 15 35 34 4 57 30 5 13 51 36 8 50 128 
19 20 40 27 14 7 18 20 20 23 118 23 24 0 41 6 17 21 28 39 19 1 17 11 28 29 27 11 20 13 5 36 1 19 27 16 21 127 76 6 8 41 18 0 1 109 26 27 16 101 105 18 13 29 37 17 2 8 27 2 190 
24 25 45 32 15 6 23 25 25 28 122 28 24 3 46 4 5 26 33 44 24 1 5 10 33 35 32 24 24 18 3 41 2 23 32 21 26 132 81 5 6 46 23 5 0 114 31 32 20 106 110 23 9 34 42 22 7 13 32 0 191 
11 24 9 9 39 55 45 44 44 5 8 8 37 61 27 60 18 41 5 25 8 61 18 39 5 6 6 28 8 55 60 24 61 11 7 23 19 18 3 61 63 8 15 60 61 0 39 39 18 1 0 6 57 38 32 22 59 35 6 59 119 
22 9 11 15 15 3 2 4 4 9 107 18 24 4 9 3 6 6 11 28 20 4 6 13 11 11 10 27 19 3 3 18 3 21 11 11 22 116 66 4 6 9 27 4 4 99 0 0 20 90 94 25 9 3 31 9 4 15 10 3 183 
22 9 11 16 15 3 3 4 4 9 106 18 24 3 9 3 7 6 11 28 19 3 7 13 11 11 11 27 20 3 3 18 4 21 10 11 22 116 66 5 6 9 26 4 3 98 2 0 19 90 95 24 9 3 31 9 3 14 11 3 184 
2 6 3 0 48 30 24 25 25 2 21 4 35 37 2 36 24 26 10 24 0 38 25 46 10 7 7 38 1 22 36 11 38 1 6 16 5 16 4 37 39 2 7 37 38 26 32 32 0 31 28 4 42 34 12 17 36 21 8 36 149 
9 23 8 7 38 53 44 42 43 3 16 6 36 59 16 58 18 39 3 25 7 60 18 37 3 4 5 28 7 54 58 16 60 10 6 22 17 26 2 59 61 6 14 59 60 8 38 38 17 0 3 5 55 36 22 20 58 33 5 58 127 
10 23 9 7 38 53 45 42 44 4 12 7 36 60 16 59 18 40 3 25 8 61 18 38 3 5 6 28 8 54 59 18 61 11 7 23 18 21 3 60 62 6 14 60 61 4 38 39 17 0 0 5 56 37 23 20 59 33 6 58 123 
1 18 2 5 61 44 35 33 34 1 18 3 33 51 6 50 38 30 5 20 4 51 38 59 5 7 7 33 4 35 49 6 51 0 4 13 18 22 3 51 52 3 4 50 51 23 29 28 13 29 27 0 55 30 8 12 50 34 6 49 149 
13 12 41 19 5 2 28 30 30 14 108 11 34 8 42 1 3 32 19 40 11 7 3 3 19 21 19 34 11 4 2 37 7 12 19 9 18 118 68 2 1 41 12 10 5 100 36 37 14 92 96 16 0 39 34 15 13 17 19 2 191 
25 6 14 18 18 0 1 1 1 11 104 21 21 4 12 6 4 2 8 25 23 5 4 16 8 8 7 24 22 4 6 21 4 24 8 14 25 113 62 7 9 12 29 4 5 95 2 1 23 87 91 28 12 0 34 12 4 17 8 6 177 
7 24 6 11 67 49 41 39 40 11 22 11 39 57 3 56 43 36 11 18 9 57 44 66 11 12 13 32 9 41 55 2 57 5 10 19 24 36 13 56 59 9 4 56 57 24 34 35 19 38 24 8 61 34 0 17 56 40 12 54 148 
22 27 30 17 47 41 32 30 31 13 85 25 28 48 31 47 7 30 17 29 22 49 8 46 17 19 17 11 22 42 46 26 48 21 17 7 29 95 62 48 52 30 21 48 48 77 36 36 21 68 73 21 52 38 28 0 47 22 17 46 177 
17 18 38 26 14 7 16 17 17 20 115 21 24 1 39 7 15 19 26 37 17 0 15 11 26 27 25 16 17 11 4 34 1 16 25 14 19 125 75 7 7 38 15 1 1 107 24 25 13 98 103 16 13 26 35 15 0 6 25 2 191 
9 6 4 6 36 19 24 26 25 9 27 6 18 26 4 25 20 27 11 26 6 27 20 35 11 8 9 21 6 11 25 11 27 7 7 32 8 22 10 26 28 3 13 26 27 32 33 32 6 37 35 12 31 35 18 30 25 0 10 24 150 
4 15 5 0 35 24 48 50 50 4 21 8 42 28 6 24 24 51 2 16 5 27 24 33 2 2 0 45 5 11 23 1 27 4 1 9 16 31 6 25 26 5 4 30 26 13 57 57 4 9 9 3 30 59 3 9 32 12 0 23 152 
16 11 41 18 13 5 25 27 26 15 109 13 43 5 41 4 4 28 19 39 14 4 5 12 19 21 18 43 14 7 3 37 4 15 18 9 18 118 68 4 5 41 15 7 2 101 34 33 17 92 96 19 8 36 34 18 9 20 18 0 193 
94 244 110 116 256 241 241 239 240 100 133 95 266 244 99 248 244 237 223 240 104 245 245 253 223 129 197 253 102 244 249 91 245 93 168 254 222 122 122 251 256 94 92 244 245 147 242 242 134 169 158 97 256 249 95 252 243 258 200 246 0 
# indicator whether saturdays count as workdays (stored as 1 or 0 for "TRUE" or "FALSE", resp.) [SCIP_Bool workOnSaturdays]
0
# start date of planning period (stored as 4 integers: day, month, year, weekday) [date* startDate]
9 11 2020 0
# end date of planning period (stored as 4 integers: day, month, year, weekday) [date* endDate]
27 11 2020 4
# maximal number of delay events considered (in robust optimization) [int maxDelayEvents]
10
# number of workdays in planning period [int nDays]
5
# day properties (stored as 6 integers: index, shift_start, shift_end, break_start, break_end, break_length) [dayProperty* days]
0 21600 79200 39600 54000 1800
1 21600 79200 39600 54000 1800
2 21600 79200 39600 54000 1800
3 21600 79200 39600 54000 1800
4 21600 79200 39600 54000 1800
# day sizes (day, number of available customers on that day) [int* day_sizes]
0 31
1 34
2 36
3 43
4 36
# list of neighbor nodes of customers for each day in planning period [neighbor*** neighbors]
0 2 3 29 25 26 24 19 39 56 8 55 27 30 53 28 48 36 45 5 44 41 1 2 16 23 11 57 49 22 52 51 33 31 50 15 47 60 
0 3 24 12 52 35 5 4 28 33 42 38 37 51 48 54 1 27 22 40 53 17 60 
0 4 3 41 13 32 9 38 15 59 31 49 35 17 20 33 11 14 54 7 24 36 2 10 39 8 60 
1 2 36 48 28 5 44 45 41 16 2 23 57 11 22 52 49 33 51 31 15 50 47 60 
1 3 35 4 0 33 42 38 37 48 51 22 27 54 40 53 17 60 
1 4 42 22 45 43 18 25 51 3 41 4 13 32 37 6 9 38 15 59 0 31 35 49 17 20 33 11 14 54 7 36 24 2 39 10 8 60 
2 0 16 26 49 39 56 47 17 60 
2 2 28 48 36 45 5 44 41 1 16 23 11 57 49 22 52 31 51 33 50 15 47 60 
2 4 49 17 54 20 11 7 24 36 10 39 8 60 
3 1 21 29 50 44 46 7 34 48 36 19 55 10 16 27 5 12 43 60 
3 2 29 25 0 26 24 19 39 56 8 55 27 30 53 28 48 36 45 5 44 1 41 2 16 23 11 57 49 22 52 33 51 31 50 15 47 60 
3 4 1 25 18 51 41 37 4 13 32 6 9 38 15 59 0 31 49 35 17 20 33 11 14 54 7 24 36 2 10 39 8 60 
4 1 30 59 37 40 18 6 47 52 13 21 28 38 44 29 57 46 58 7 50 34 3 5 12 27 43 16 55 48 36 19 10 60 
4 3 55 52 12 24 58 20 9 5 35 26 14 28 0 38 33 42 37 40 27 22 1 53 17 48 51 54 60 
4 4 1 18 25 51 13 32 6 3 41 37 15 59 9 38 35 17 0 49 31 7 20 11 33 14 54 39 24 8 36 10 2 60 
5 1 29 46 7 34 3 16 43 27 12 55 48 36 19 10 60 
5 2 39 26 25 8 55 53 44 48 36 28 45 23 16 1 41 2 52 22 57 49 11 15 47 33 51 50 31 60 
5 3 55 52 12 24 58 20 9 4 35 26 14 28 0 38 33 42 37 40 22 27 1 48 53 17 51 54 60 
6 1 59 30 37 47 40 4 18 13 21 52 28 38 7 46 29 44 57 58 50 34 3 43 5 16 27 55 12 48 36 19 10 60 
6 3 56 23 46 13 21 34 25 31 55 18 11 32 52 12 24 58 20 9 5 4 35 26 14 28 0 33 38 42 37 17 53 1 40 22 27 48 51 54 60 
6 4 1 18 25 51 13 32 4 3 41 37 15 59 9 38 17 35 0 49 31 7 20 11 33 14 54 8 39 24 36 10 2 60 
7 1 6 40 4 21 52 38 46 29 44 57 58 50 34 3 43 5 16 27 55 12 48 36 19 10 60 
7 3 8 56 15 59 23 46 6 13 21 34 25 31 55 18 11 32 52 12 24 58 20 9 5 4 35 26 14 28 0 33 38 42 37 17 53 1 40 22 27 48 51 54 60 
7 4 15 38 17 35 0 49 20 11 33 14 54 8 39 24 36 10 2 60 
8 2 29 3 56 39 24 26 25 0 19 53 30 27 55 44 5 48 36 28 45 1 16 23 41 2 57 52 22 11 49 47 15 33 51 50 31 60 
8 3 7 56 15 59 23 6 46 13 21 34 25 31 55 18 11 32 52 12 24 58 20 9 5 4 35 26 14 28 0 33 38 42 37 17 53 1 40 22 27 48 51 54 60 
8 4 17 49 7 20 11 54 39 24 36 10 2 60 
9 1 45 30 59 37 18 40 4 6 47 28 38 52 13 21 58 50 57 29 44 46 7 3 34 48 36 10 19 55 16 27 12 5 43 60 
9 3 34 25 11 18 55 20 58 24 12 52 32 26 14 35 5 4 28 38 0 33 42 37 48 51 1 54 27 22 40 53 17 60 
9 4 51 18 3 41 37 4 13 32 38 15 59 0 49 35 31 17 20 11 33 14 54 7 24 36 10 2 39 8 60 
10 0 12 46 50 41 32 14 29 34 23 30 53 19 16 49 26 2 39 56 47 17 60 
10 1 29 46 7 3 34 55 48 36 19 27 16 12 5 43 60 
10 4 49 17 11 20 54 7 24 36 2 39 8 60 
11 2 28 48 36 5 1 41 2 16 23 49 57 22 52 51 33 50 31 15 47 60 
11 3 25 34 13 18 55 20 9 58 24 12 52 32 26 14 35 5 4 28 0 38 33 42 37 51 48 54 1 27 22 40 53 17 60 
11 4 38 15 0 49 35 17 20 33 54 14 7 24 36 10 2 39 8 60 
12 0 58 20 44 21 57 46 42 35 43 32 50 41 54 29 10 14 23 30 53 34 16 19 39 56 26 47 17 49 2 60 
12 1 29 46 7 34 3 27 5 55 43 16 48 19 36 10 60 
12 3 34 25 55 18 11 52 32 24 58 20 9 4 5 35 26 14 28 38 0 33 37 42 27 40 22 1 53 48 17 51 54 60 
13 1 37 4 40 6 21 52 28 38 44 46 7 29 57 58 50 34 3 43 5 12 27 16 55 48 36 19 10 60 
13 3 56 23 21 6 46 34 25 31 55 18 11 32 52 12 24 58 20 9 4 5 35 26 14 28 0 38 33 42 37 40 53 17 27 22 1 48 51 54 60 
13 4 1 18 25 51 32 4 6 3 41 37 59 15 9 38 17 35 0 49 31 7 20 33 11 14 54 39 8 24 36 10 2 60 
14 0 12 46 41 50 32 29 10 34 30 23 53 19 16 2 26 49 39 56 47 17 60 
14 3 55 20 9 58 24 12 52 26 35 5 4 42 0 28 33 38 37 54 51 48 1 27 22 40 53 17 60 
14 4 38 15 0 49 35 17 54 20 33 11 7 2 24 36 10 39 8 60 
15 2 41 52 57 49 11 47 33 51 50 31 60 
15 3 59 23 56 8 7 13 21 34 25 6 46 31 55 18 11 52 12 32 24 58 20 9 5 4 35 26 14 28 0 38 33 42 37 40 22 27 1 48 53 17 51 54 60 
15 4 18 51 4 13 32 3 41 37 59 9 38 35 0 17 49 31 20 7 11 33 14 54 39 24 36 8 10 2 60 
16 0 29 14 30 23 19 26 49 39 2 56 47 17 60 
16 1 29 46 7 34 3 55 48 19 36 27 12 5 10 43 60 
16 2 48 28 36 5 45 44 1 41 23 2 22 49 11 57 52 50 33 51 15 31 47 60 
17 0 16 47 56 39 26 49 2 60 
17 3 4 35 0 33 38 42 37 53 1 40 22 27 48 51 54 60 
17 4 13 32 3 41 15 59 9 38 35 0 49 31 7 20 11 33 14 54 8 39 24 36 10 2 60 
18 1 30 59 37 40 4 6 47 28 38 52 13 21 58 57 29 50 44 46 7 34 3 48 19 36 55 16 27 5 12 10 43 60 
18 3 34 25 13 11 55 24 58 20 9 12 52 32 26 35 14 5 4 28 0 33 38 42 37 48 1 51 54 22 27 40 53 17 60 
18 4 1 45 43 25 51 3 41 4 37 13 32 6 9 38 15 59 0 35 31 49 17 20 33 11 14 54 7 24 36 2 39 10 8 60 
19 0 29 14 30 23 16 26 2 39 49 56 47 17 60 
19 1 29 46 7 34 3 36 48 16 55 5 27 12 10 43 60 
19 2 3 29 25 26 24 0 39 56 8 55 27 30 53 36 48 28 5 45 44 1 41 2 16 23 57 11 22 52 49 33 51 31 15 50 47 60 
20 0 58 40 42 57 12 44 21 46 41 54 50 35 43 32 14 29 10 34 30 23 53 19 16 26 2 49 39 56 47 17 60 
20 3 25 34 11 18 55 9 58 24 12 52 32 26 14 35 5 4 28 0 33 42 38 37 48 51 1 54 27 22 40 53 17 60 
20 4 38 15 0 49 35 17 11 33 14 54 7 24 36 2 10 39 8 60 
21 0 58 20 44 46 12 57 42 32 43 35 50 41 54 29 10 14 23 53 30 34 16 19 56 39 47 17 26 49 2 60 
21 1 37 6 4 40 13 52 28 38 44 46 7 29 57 58 50 34 3 43 5 16 12 27 55 48 36 19 10 60 
21 3 56 23 13 6 46 34 25 31 55 18 11 32 52 12 24 58 20 9 4 5 35 26 14 28 0 38 33 42 37 53 40 17 27 22 1 48 51 54 60 
22 2 48 28 36 5 1 16 41 23 2 49 11 57 52 33 50 51 15 31 47 60 
22 3 35 4 0 38 33 42 37 1 48 27 51 40 54 53 17 60 
22 4 1 45 42 43 18 25 51 3 4 41 37 13 32 6 9 38 15 59 35 0 49 31 17 20 33 11 14 54 7 24 36 39 10 2 8 60 
23 0 32 29 14 30 53 34 16 19 39 56 47 17 26 49 2 60 
23 2 5 44 48 36 28 45 16 1 41 2 52 22 57 49 11 15 47 33 51 50 31 60 
23 3 15 59 56 8 7 13 21 46 6 34 25 31 55 18 11 52 12 32 24 58 20 9 4 5 35 26 14 28 0 38 33 42 37 40 27 22 53 1 17 48 51 54 60 
24 2 3 29 26 25 19 0 39 56 8 55 27 30 53 48 28 36 45 5 44 1 41 2 16 23 11 57 49 22 52 33 51 31 50 15 47 60 
24 3 34 25 18 11 55 58 20 9 12 52 32 26 35 14 5 4 28 0 33 38 42 37 48 1 51 54 22 27 40 53 17 60 
24 4 49 17 20 11 54 7 36 2 39 10 8 60 
25 2 3 29 26 24 0 19 39 56 8 55 27 30 53 48 28 36 45 5 44 41 1 2 16 23 11 57 49 22 52 33 51 31 50 15 47 60 
25 3 23 56 34 31 13 21 6 46 18 11 55 20 58 24 9 12 52 32 26 14 35 5 4 28 0 33 42 38 37 48 51 1 54 22 27 40 53 17 60 
25 4 1 45 43 18 51 3 41 37 4 13 32 6 9 38 15 59 0 31 35 49 17 20 33 11 14 54 7 24 36 2 10 39 8 60 
26 0 16 2 49 39 56 47 17 60 
26 2 3 29 24 25 0 19 39 56 8 55 27 30 53 48 28 36 45 5 44 1 41 2 16 23 11 57 49 22 52 33 51 31 50 15 47 60 
26 3 55 58 24 20 9 12 52 35 14 5 4 28 0 33 38 42 37 48 1 51 54 22 27 40 53 17 60 
27 1 29 46 7 34 3 12 55 5 16 43 19 36 48 10 60 
27 2 29 3 39 26 25 8 55 30 53 5 44 36 48 28 45 23 16 1 41 2 52 22 57 49 11 15 50 47 33 51 31 60 
27 3 4 35 38 0 33 37 42 40 22 1 53 48 17 51 54 60 
28 1 37 40 4 6 38 52 13 21 58 57 29 50 44 46 7 3 34 48 36 19 55 10 16 27 5 12 43 60 
28 2 25 26 39 8 55 53 48 36 45 5 44 1 41 2 16 23 11 57 49 22 52 51 33 31 50 15 47 60 
28 3 24 12 52 35 5 4 0 33 42 38 37 48 51 1 54 27 22 40 53 17 60 
29 0 12 46 32 41 50 14 10 30 34 23 53 16 19 39 26 56 49 2 47 17 60 
29 1 40 4 6 52 21 38 57 58 44 50 46 7 34 3 5 16 48 27 36 12 55 43 19 10 60 
29 2 3 39 24 26 25 0 56 19 8 30 27 55 53 5 48 36 28 44 45 1 16 23 41 2 57 52 22 11 49 15 33 51 31 50 47 60 
30 0 32 29 14 23 53 34 16 19 39 56 26 47 17 49 2 60 
30 1 59 9 45 37 40 4 18 6 47 52 13 21 28 38 44 29 57 58 46 7 50 34 3 5 43 12 16 27 55 48 36 19 10 60 
30 2 29 3 39 26 8 25 27 55 53 5 44 48 36 28 45 23 16 1 41 2 52 22 57 49 11 15 47 33 50 51 31 60 
31 2 41 11 57 49 52 51 33 50 15 47 60 
31 3 23 56 25 34 13 21 6 46 11 18 55 20 9 58 24 12 52 32 14 26 35 5 4 42 0 28 33 38 37 54 51 48 1 27 22 40 53 17 60 
31 4 41 3 13 32 9 38 15 59 0 49 35 17 14 54 20 33 11 7 2 24 36 10 39 8 60 
32 0 20 44 46 12 57 42 43 35 50 41 54 29 10 14 23 53 30 34 16 19 56 39 47 17 26 49 2 60 
32 3 34 25 55 18 11 52 12 24 58 20 9 4 5 35 26 14 28 0 38 33 42 37 53 40 17 27 22 1 48 51 54 60 
32 4 1 18 25 51 13 6 4 3 41 37 59 15 9 38 17 35 0 49 31 7 20 33 11 14 54 8 39 24 36 10 2 60 
33 2 41 11 57 49 52 51 31 50 15 47 60 
33 3 24 12 52 35 5 4 0 28 42 38 37 48 51 54 1 27 22 40 53 17 60 
33 4 38 15 0 49 35 17 20 11 14 54 7 24 36 2 10 39 8 60 
34 0 32 14 29 30 23 53 19 16 26 2 49 39 56 47 17 60 
34 1 21 29 50 44 46 7 3 48 19 36 55 10 16 27 5 12 43 60 
34 3 23 56 25 31 13 21 6 46 18 11 55 58 24 20 9 12 52 32 26 14 35 5 4 28 0 33 38 42 37 48 1 51 54 22 27 40 53 17 60 
35 0 20 12 57 42 44 46 50 41 43 54 32 29 10 14 34 23 30 53 16 19 26 49 39 2 56 47 17 60 
35 3 55 24 12 58 9 20 52 26 4 5 14 28 0 38 33 37 42 27 22 1 48 40 51 54 53 17 60 
35 4 3 41 13 32 9 38 15 59 49 0 31 17 20 33 11 14 54 7 24 36 39 10 2 8 60 
36 1 29 46 7 34 3 48 19 5 16 55 27 12 43 10 60 
36 2 25 26 39 8 55 53 48 28 5 44 45 1 41 2 16 23 57 11 22 52 49 33 51 31 15 50 47 60 
36 4 49 17 20 11 54 7 24 2 39 10 8 60 
37 1 45 30 59 18 4 40 6 47 38 28 52 13 21 50 58 57 29 44 46 7 3 34 10 55 48 36 19 27 12 16 5 43 60 
37 3 24 12 52 35 4 5 38 28 0 42 33 51 48 54 1 27 22 40 53 17 60 
37 4 1 51 18 25 3 41 4 13 32 6 38 9 15 59 49 0 35 31 17 11 20 54 33 14 7 10 24 36 2 39 8 60 
38 1 37 40 4 6 28 52 13 21 50 58 57 29 44 46 7 3 34 10 48 55 36 19 27 16 12 5 43 60 
38 3 24 12 52 35 5 4 28 37 0 33 42 48 51 1 54 27 22 40 53 17 60 
38 4 51 18 3 37 41 4 13 32 9 15 59 49 0 35 31 17 11 20 33 54 14 7 10 24 36 2 39 8 60 
39 0 16 56 26 47 17 49 2 60 
39 2 29 3 56 24 26 8 25 19 0 30 27 55 53 5 44 48 36 28 45 23 16 1 41 2 52 22 57 49 11 15 47 33 51 50 31 60 
39 4 17 49 7 20 11 54 24 8 36 10 2 60 
40 0 58 20 44 12 21 57 46 42 43 32 35 50 41 54 29 10 14 30 23 53 34 16 19 39 56 26 47 17 49 2 60 
40 1 30 59 37 4 18 6 47 52 13 21 28 38 44 29 57 58 46 7 50 34 3 5 12 43 27 16 55 48 36 19 10 60 
40 3 4 35 0 38 33 42 37 27 22 1 53 17 48 51 54 60 
41 0 20 42 57 12 44 46 54 50 35 43 32 14 29 10 34 30 23 53 19 16 2 26 49 39 56 47 17 60 
41 2 28 48 36 45 5 44 2 1 16 23 11 57 49 22 52 31 33 51 50 15 47 60 
41 4 1 51 25 18 3 37 4 13 32 6 9 38 15 59 31 0 49 35 17 14 54 33 20 11 7 2 24 36 10 39 8 60 
42 0 20 58 57 12 44 21 46 54 41 50 35 43 32 14 29 10 34 30 23 53 19 16 2 26 49 39 56 47 17 60 
42 3 24 12 52 35 5 4 0 28 33 38 37 54 51 48 1 27 22 40 53 17 60 
42 4 1 45 22 43 51 25 18 3 41 37 4 13 32 6 9 38 15 59 0 31 49 35 17 14 54 20 33 11 7 2 24 36 10 39 8 60 
43 0 20 44 46 12 57 42 32 35 50 41 54 29 10 14 23 53 30 34 16 19 56 39 47 17 26 49 2 60 
43 1 46 7 29 34 3 5 12 27 16 55 48 36 19 10 60 
43 4 22 1 45 42 18 25 51 13 32 4 6 3 41 37 59 15 9 38 17 35 0 49 31 7 20 33 11 14 54 39 8 24 36 10 2 60 
44 0 58 20 21 12 46 57 42 43 32 35 50 41 54 29 10 14 23 30 53 34 16 19 56 39 47 17 26 49 2 60 
44 1 40 4 6 21 52 38 46 7 29 57 58 50 34 3 43 5 12 27 16 55 48 36 19 10 60 
44 2 39 8 26 25 53 55 5 48 36 28 45 23 16 1 41 2 52 22 57 49 11 15 47 33 51 50 31 60 
45 1 9 30 59 37 18 4 40 6 47 38 28 52 13 21 50 58 57 29 44 46 7 3 34 10 55 48 36 19 27 16 12 5 43 60 
45 2 26 25 39 8 55 53 28 48 36 5 44 1 41 16 2 23 49 11 22 57 52 50 51 33 31 15 47 60 
45 4 1 42 22 43 51 18 25 37 3 41 4 13 32 6 38 9 15 59 49 35 0 31 17 11 20 33 54 14 7 10 24 36 2 39 8 60 
46 0 58 20 21 44 57 12 42 43 32 35 50 41 54 29 10 14 53 30 23 34 16 19 47 17 56 39 26 49 2 60 
46 1 6 40 4 21 52 38 7 29 44 57 58 50 34 3 43 5 16 27 55 12 48 36 19 10 60 
46 3 56 23 6 13 21 34 25 31 55 18 11 32 52 12 24 58 20 9 5 4 35 26 14 28 0 33 38 42 37 53 17 1 40 22 27 48 51 54 60 
47 0 16 17 56 39 26 49 2 60 
47 1 59 30 37 6 40 4 18 13 21 52 28 38 46 7 29 44 57 58 50 34 3 43 5 16 27 55 12 48 36 19 10 60 
47 2 41 57 52 11 49 15 33 51 50 31 60 
48 1 29 46 7 3 34 36 19 55 16 10 5 27 12 43 60 
48 2 25 26 39 8 55 53 28 36 45 5 44 1 41 2 16 23 11 57 49 22 52 33 51 31 50 15 47 60 
48 3 35 4 0 33 42 38 37 51 1 54 22 27 40 53 17 60 
49 0 16 26 2 39 56 47 17 60 
49 2 28 48 36 5 1 41 16 2 23 11 22 57 52 50 51 33 31 15 47 60 
49 4 3 41 13 32 38 9 15 59 35 0 31 17 11 20 33 54 14 7 10 24 36 2 39 8 60 
50 0 20 42 12 57 44 46 35 41 54 43 32 10 14 29 34 23 30 53 19 16 49 26 2 39 56 47 17 60 
50 1 4 40 6 38 52 21 58 57 29 44 46 7 3 34 10 55 48 36 19 27 16 12 5 43 60 
50 2 41 49 11 57 52 51 33 31 15 47 60 
51 2 41 11 57 49 52 33 31 50 15 47 60 
51 3 35 4 0 33 42 38 37 48 54 1 27 22 40 53 17 60 
51 4 1 45 43 25 18 3 41 37 4 13 32 6 9 38 15 59 0 31 49 35 17 20 33 11 14 54 7 24 36 2 10 39 8 60 
52 1 37 4 40 6 13 21 28 38 44 29 57 58 46 7 50 34 3 5 12 27 43 16 55 48 36 19 10 60 
52 2 5 48 36 28 23 16 1 41 2 22 57 49 11 15 47 33 51 50 31 60 
52 3 34 25 55 18 11 12 32 24 58 20 9 4 5 35 26 14 28 0 38 33 42 37 40 27 22 1 53 17 48 51 54 60 
53 0 32 29 14 30 23 34 16 19 47 17 56 39 26 49 2 60 
53 2 29 3 8 39 26 25 30 27 55 44 5 48 36 28 45 1 16 23 41 2 57 52 22 11 49 47 15 33 51 50 31 60 
53 3 4 35 0 33 38 42 37 17 1 40 22 27 48 51 54 60 
54 0 20 42 57 12 44 46 41 50 35 43 32 14 10 29 34 30 23 53 19 16 2 26 49 39 56 47 17 60 
54 3 35 4 42 0 33 38 37 51 48 1 27 22 40 53 17 60 
54 4 38 15 0 49 35 17 14 20 33 11 7 2 24 36 10 39 8 60 
55 1 29 46 7 34 3 27 16 12 48 19 36 5 10 43 60 
55 2 3 29 26 25 39 8 27 30 53 48 28 36 45 5 44 16 1 23 41 2 22 49 11 52 57 50 33 51 15 31 47 60 
55 3 34 25 13 18 11 24 58 12 9 20 52 32 35 26 4 5 14 28 0 38 33 37 42 27 1 22 48 51 40 54 53 17 60 
56 0 16 47 39 17 26 49 2 60 
56 2 29 3 8 39 24 26 25 19 0 53 30 27 55 44 5 48 36 28 45 23 16 1 41 2 52 22 57 49 11 47 15 33 51 50 31 60 
56 3 59 23 8 7 15 13 21 6 46 34 25 31 55 18 11 32 52 12 24 58 20 9 4 5 35 26 14 28 0 38 33 42 37 53 40 17 27 22 1 48 51 54 60 
57 0 20 58 42 12 44 21 46 41 54 35 43 50 32 29 14 10 34 30 23 53 16 19 26 39 2 49 56 47 17 60 
57 1 40 4 6 38 52 21 29 58 44 50 46 7 3 34 48 36 5 16 19 27 12 55 43 10 60 
57 2 48 36 28 5 1 41 16 2 23 11 52 22 49 33 51 15 31 50 47 60 
58 0 20 40 42 57 12 44 21 46 41 35 54 50 43 32 14 29 10 34 30 23 53 19 16 26 2 49 39 56 47 17 60 
58 1 40 4 6 38 52 21 57 29 50 44 46 7 34 3 48 19 36 55 16 10 27 5 12 43 60 
58 3 34 25 18 11 55 24 20 9 12 52 32 26 35 14 5 4 28 0 33 38 42 37 48 1 51 54 22 27 40 53 17 60 
59 1 30 9 45 37 40 4 6 47 18 13 52 21 28 38 44 29 46 7 57 58 50 34 3 43 5 12 16 27 55 48 36 19 10 60 
59 3 56 15 23 8 7 13 21 6 46 34 25 31 55 18 11 52 32 12 24 58 20 9 4 5 35 26 14 28 0 38 33 42 37 40 53 27 22 17 1 48 51 54 60 
59 4 18 51 13 4 32 3 41 37 15 9 38 17 35 0 49 31 7 20 11 33 14 54 39 8 24 36 10 2 60 
60 0 20 40 58 46 42 44 21 57 12 54 41 43 32 50 35 14 29 10 53 23 30 34 16 19 2 47 17 56 39 26 49 
60 1 59 9 30 45 37 6 47 4 40 18 13 28 21 52 38 46 7 44 29 57 58 50 3 34 43 48 5 16 12 27 55 10 36 19 
60 2 29 3 8 56 0 39 25 26 24 19 53 30 27 55 44 28 48 5 45 36 2 41 23 1 16 11 52 57 22 49 31 47 51 33 15 50 
60 3 8 7 59 56 23 15 31 46 6 13 21 25 34 11 18 55 20 32 52 9 12 58 24 14 4 5 26 35 42 0 28 33 37 38 53 54 17 51 48 40 1 27 22 
60 4 42 43 1 22 45 51 25 18 6 41 13 32 4 3 37 59 9 15 38 31 17 0 35 49 54 7 14 11 20 33 2 8 39 24 10 36 
