# number of customers + 1 (depot stored as last "customer") [int nC]
61
# customer IDs (depot gets ID -1) [int* customerIDs]
106913329 106911698 106910237 106917243 106902189 106915316 106919278 106917213 106909282 106911645 106906349 106905934 106904109 106900460 106920477 106912579 106904058 106914278 106919463 106920107 106920725 106914756 106900883 106920466 106900901 106914179 106900552 106920150 106914142 106915675 106915113 106902326 106910540 106900895 106905920 106915029 106900486 106903139 106912021 106903227 106905368 106920085 106917381 106904565 106906459 106918884 106920664 106910657 106913084 106914658 106921192 106917786 106919051 106902586 106904912 106904975 106921239 106912455 106916416 106920615 -1 
# time window lists for each real customer (number of elements followed by elements' contents (day,start_t,end_t,weight)) [modelWindow** timeWindows]
2 3 50400 61200 0.80 0 54000 61200 0.41 
2 4 46800 54000 0.87 3 32400 36000 0.93 
2 0 36000 43200 0.88 3 50400 54000 0.86 
2 3 32400 36000 0.68 2 32400 43200 0.55 
2 4 54000 61200 0.76 3 50400 54000 0.68 
2 0 43200 50400 0.57 2 43200 46800 0.66 
2 4 50400 54000 0.92 2 54000 61200 0.97 
2 0 39600 43200 0.99 3 46800 54000 0.78 
2 0 54000 61200 0.90 2 43200 50400 0.91 
2 1 46800 57600 0.48 0 39600 43200 0.77 
2 0 39600 46800 0.97 2 43200 54000 0.96 
2 2 50400 61200 0.59 0 36000 46800 0.65 
2 1 54000 57600 0.55 0 36000 43200 0.71 
2 4 50400 61200 0.91 3 36000 43200 0.73 
2 2 36000 39600 0.64 4 54000 61200 0.77 
2 2 54000 61200 0.75 1 50400 54000 0.42 
2 0 50400 61200 0.69 3 46800 54000 0.57 
2 4 46800 54000 0.67 1 32400 39600 0.81 
2 1 46800 57600 0.55 3 39600 43200 0.66 
2 2 54000 57600 0.73 1 54000 57600 0.55 
2 4 32400 39600 0.82 3 36000 43200 0.85 
2 2 36000 39600 0.59 3 36000 43200 0.60 
2 1 43200 54000 0.58 3 43200 50400 0.69 
2 0 46800 50400 0.42 3 43200 54000 0.72 
2 3 39600 46800 0.92 1 46800 57600 0.86 
2 3 54000 57600 0.80 4 43200 46800 0.76 
2 4 43200 50400 0.52 2 54000 57600 0.91 
2 2 54000 57600 0.85 0 43200 50400 0.48 
2 4 39600 50400 0.60 1 39600 43200 0.65 
2 1 54000 61200 0.47 0 54000 57600 0.96 
2 4 39600 46800 0.46 2 36000 43200 0.61 
2 1 36000 39600 0.78 2 36000 46800 0.88 
2 1 36000 39600 0.95 2 46800 57600 0.90 
2 0 54000 61200 0.95 4 32400 43200 0.44 
2 3 46800 50400 0.40 0 32400 39600 0.56 
2 1 32400 36000 0.44 0 50400 61200 0.73 
2 1 54000 61200 0.45 4 46800 57600 0.63 
2 4 54000 61200 0.70 3 54000 61200 0.90 
2 3 39600 50400 0.98 1 50400 57600 0.99 
2 2 43200 50400 0.87 0 46800 57600 0.77 
2 1 46800 57600 0.59 4 46800 57600 0.83 
2 0 39600 43200 0.97 1 36000 46800 0.91 
2 0 46800 57600 0.86 2 43200 50400 0.83 
2 1 43200 54000 0.50 4 43200 46800 0.62 
2 2 36000 46800 0.62 1 46800 54000 0.63 
2 3 32400 36000 0.41 0 32400 39600 0.73 
2 4 54000 61200 0.68 0 32400 39600 0.68 
2 3 46800 54000 0.71 1 32400 39600 0.88 
2 0 46800 54000 0.51 4 46800 57600 0.56 
2 4 39600 50400 0.46 2 43200 46800 0.50 
2 3 39600 46800 0.63 4 36000 46800 0.87 
2 1 36000 39600 0.49 3 43200 46800 0.62 
2 4 43200 54000 0.66 2 39600 43200 0.41 
2 1 39600 46800 0.56 2 39600 46800 0.89 
2 3 43200 50400 0.52 0 43200 54000 0.90 
2 3 50400 57600 0.94 0 36000 46800 0.68 
2 0 32400 43200 0.82 3 43200 54000 0.92 
2 2 50400 61200 0.96 4 54000 61200 0.86 
2 4 39600 43200 0.51 2 36000 46800 0.53 
2 4 50400 57600 0.76 1 36000 46800 0.73 
# objective function coefficients [SCIP_Real* obj]
322.287000 1070.133000 227.406143 198.716000 512.894000 337.930333 193.168143 151.271000 562.049000 215.690667 1028.151000 1046.415000 523.379333 1084.394000 1042.120333 424.291333 1047.730000 548.633000 288.688000 240.055000 506.473000 598.845000 301.573000 151.048000 561.692000 590.956000 526.545333 566.163333 177.365667 547.389333 237.912667 521.190000 1022.947000 321.113333 1101.473333 386.368333 524.131333 231.457000 380.666333 1067.169333 424.388333 385.433667 541.734000 534.027333 1079.328000 1079.257000 540.171000 1047.852000 524.849333 300.951000 1047.762333 376.274333 204.298143 513.923000 273.499333 1105.131000 1045.616333 1051.098333 560.724000 1048.670333 0.000000 
# shift start time [int shift_start]
21600
# shift end time [int shift_end]
79200
# service times at customers (depot has service time 0.0) [int* t_service]
180 180 180 120 300 60 300 240 300 240 180 180 300 120 180 180 180 180 240 300 180 60 300 60 60 240 120 60 120 180 300 180 120 180 120 180 180 180 180 300 300 180 180 240 180 180 120 120 240 240 180 180 180 180 240 180 60 180 180 180 0 
# max. deviation of service times at customers (depot again 0.0) [int* t_service_maxDev]
120 120 180 420 180 420 360 180 240 300 480 60 420 240 180 60 420 360 420 60 420 360 360 300 180 420 360 540 480 180 120 420 300 300 240 300 180 180 360 120 420 540 240 240 480 300 360 180 120 360 180 420 420 360 120 180 480 300 420 420 0 
# morning/AM travel time matrix between customers (incl. depot as last customer) [int** t_travelAM]
0 1845 610 1006 934 91 1075 1021 630 1563 844 914 1346 783 631 110 1531 188 909 558 468 102 1879 655 1819 52 736 669 74 185 249 941 744 1844 924 228 555 1065 605 1781 812 567 1007 1346 829 1166 700 790 156 101 1405 892 1178 908 1173 1037 1414 41 1377 941 5760 
1815 0 1647 838 1128 1727 811 839 1625 431 1318 1387 667 1502 1566 1816 453 1749 981 1262 1639 1885 1193 1590 1165 1835 1702 1373 1858 1758 1787 1531 1709 1158 1397 1822 1700 1863 1468 1095 1322 1270 850 668 1303 823 1748 1755 1957 1902 1187 964 796 1707 933 1265 1196 1778 616 1337 4835 
598 1622 0 1329 747 668 1399 1345 20 1184 414 483 960 412 1091 657 1152 763 1233 858 927 634 1503 1115 1475 623 453 946 597 763 642 709 461 1468 494 681 52 863 749 1405 382 849 1331 967 399 1490 1159 507 572 614 1729 1216 1502 706 780 640 1738 619 1651 1401 5549 
1025 857 1361 0 1430 937 136 50 1355 901 1593 1662 969 1702 777 1026 923 959 191 472 850 1095 1583 800 1554 1045 1691 583 1068 968 997 1832 1750 1547 1673 1032 1413 2013 1013 1485 1597 480 12 970 1578 218 958 1796 1167 1112 503 175 191 1914 1208 1562 513 988 390 654 4858 
993 1152 757 1432 0 1063 1404 1432 735 714 462 392 485 563 1417 1022 682 1089 1574 1494 1254 978 1019 1441 990 1009 634 1594 994 1156 968 463 642 983 380 1025 809 796 1038 921 395 1496 1444 513 473 1416 1486 687 985 963 1780 1558 1389 639 635 137 1790 1014 1210 1727 5074 
88 1754 683 915 1008 0 984 930 703 1582 918 987 1396 856 540 89 1550 97 818 467 377 158 1943 564 1893 108 789 578 131 94 162 1015 818 1907 998 197 629 1111 624 1845 886 476 916 1365 903 1075 609 863 229 175 1314 801 1087 982 1192 1110 1323 51 1286 850 5669 
1080 844 1416 154 1417 992 0 169 1410 888 1580 1649 956 1757 831 1081 909 1014 246 527 904 1150 1569 855 1541 1100 1746 638 1123 1023 1052 1819 1805 1534 1659 1087 1468 2068 1068 1471 1584 535 143 956 1564 120 1013 1851 1221 1167 452 229 149 1969 1195 1549 461 1043 377 602 4806 
1043 850 1379 49 1423 955 171 0 1373 894 1586 1655 962 1720 795 1044 916 977 209 490 868 1113 1576 818 1547 1063 1709 601 1086 986 1015 1825 1768 1540 1666 1050 1431 2031 1031 1478 1590 498 59 963 1571 211 976 1814 1185 1130 521 193 184 1932 1201 1555 531 1006 383 672 4876 
620 1602 22 1314 727 690 1383 1330 0 1164 394 463 940 392 1113 679 1132 785 1217 843 950 656 1483 1137 1455 645 433 931 619 785 664 689 441 1448 474 704 74 843 734 1385 362 834 1316 947 379 1474 1182 487 594 636 1714 1201 1486 686 760 620 1723 641 1631 1423 5529 
1562 448 1222 900 703 1589 872 900 1200 0 892 961 242 1076 1628 1640 27 1686 1042 1323 1701 1620 856 1651 827 1583 1276 1434 1605 1663 1611 1105 1284 820 972 1667 1274 1438 1042 758 896 1331 912 243 877 884 1809 1329 1627 1605 1248 1026 857 1281 507 840 1258 1539 678 1398 4759 
904 1337 453 1589 480 974 1562 1590 431 899 0 89 676 307 1328 932 867 1000 1603 1228 1164 888 1219 1351 1190 919 521 1316 904 1066 879 515 529 1183 99 936 505 765 760 1121 120 1219 1601 682 25 1574 1396 574 895 874 1938 1586 1547 609 495 347 1947 924 1367 1638 5264 
974 1408 523 1659 408 1044 1632 1660 501 969 84 0 746 377 1398 1002 937 1070 1673 1299 1234 958 1289 1421 1260 990 591 1386 975 1137 949 579 599 1253 27 1006 575 829 831 1191 190 1289 1671 752 95 1644 1466 645 965 944 2008 1656 1617 672 565 275 2017 994 1437 1708 5334 
1370 679 1004 959 480 1397 932 960 982 241 674 743 0 858 1637 1441 209 1494 1102 1318 1673 1397 632 1661 604 1391 1053 1406 1413 1471 1388 882 1061 597 754 1444 1056 1215 850 534 679 1309 971 29 659 944 1819 1106 1404 1382 1307 1085 917 1058 315 617 1317 1348 737 1458 4592 
762 1509 365 1640 540 832 1710 1656 343 1071 301 370 847 0 1186 791 1039 859 1544 1169 1023 747 1390 1210 1362 778 312 1257 763 925 738 487 319 1355 381 794 418 622 778 1292 242 1160 1642 854 286 1745 1255 365 754 732 2040 1527 1718 465 667 487 2049 783 1539 1496 5436 
631 1602 1131 763 1449 543 833 779 1151 1646 1359 1429 1630 1298 0 632 1668 565 667 316 325 701 2176 23 2148 651 1199 427 674 574 603 1456 1259 2141 1439 638 1076 1521 857 2078 1327 324 765 1599 1344 924 388 1305 772 718 1163 650 936 1423 1425 1552 1172 594 1135 515 5517 
98 1835 662 996 980 81 1065 1012 682 1587 891 960 1392 829 622 0 1555 179 900 549 459 98 1926 646 1866 65 700 660 62 176 138 987 790 1890 970 118 608 1022 629 1828 858 557 998 1370 875 1157 691 836 240 122 1396 883 1169 954 1197 1083 1405 74 1368 932 5750 
1535 470 1194 921 675 1561 894 922 1172 32 865 934 214 1049 1649 1612 0 1659 1064 1345 1722 1592 828 1673 800 1555 1249 1456 1578 1635 1583 1078 1256 793 944 1640 1247 1410 1015 730 869 1353 933 215 850 906 1831 1302 1599 1578 1270 1047 879 1254 480 812 1279 1512 699 1420 4781 
182 1775 746 936 1065 94 1005 952 766 1676 975 1044 1477 913 562 183 1644 0 839 489 398 252 2010 585 1950 202 815 600 225 138 112 1072 875 1974 1055 146 692 1137 718 1912 943 497 938 1459 960 1096 630 920 323 269 1335 823 1108 1038 1286 1167 1345 145 1308 872 5690 
934 1030 1270 191 1603 846 261 207 1264 1074 1587 1656 1142 1612 686 935 1096 868 0 381 759 1004 1756 709 1727 954 1600 492 977 877 906 1857 1660 1720 1667 941 1322 1922 922 1658 1555 389 193 1143 1572 352 867 1705 1076 1021 591 36 364 1823 1381 1727 600 897 563 741 4945 
570 1310 889 471 1479 482 540 486 883 1354 1206 1275 1313 1230 322 572 1375 504 374 0 395 640 1860 346 1831 591 1236 111 614 513 543 1493 1296 1824 1285 577 941 1558 541 1762 1173 8 472 1282 1191 631 503 1342 712 658 870 357 643 1460 1109 1346 879 533 842 708 5225 
460 1680 960 841 1279 372 910 857 980 1724 1189 1258 1691 1127 322 461 1745 394 744 394 0 530 2224 346 2164 481 1029 505 503 403 433 1286 1088 2188 1269 467 906 1351 935 2126 1157 402 843 1676 1174 1001 391 1134 602 548 1240 728 1013 1252 1503 1381 1250 423 1213 632 5595 
100 1907 623 1068 941 153 1137 1084 643 1581 851 920 1353 789 694 88 1549 250 971 621 530 0 1886 717 1826 45 708 732 49 248 174 948 751 1851 931 154 568 1031 668 1788 819 629 1070 1380 836 1228 762 796 241 59 1467 955 1240 915 1217 1043 1477 103 1440 1004 5822 
1915 1158 1535 1592 1006 1942 1565 1593 1513 874 1205 1275 646 1390 2182 1967 842 2035 1735 1863 2199 1923 0 2206 98 1936 1579 1951 1939 2016 1914 1408 1587 42 1285 1970 1588 1741 1395 538 1210 1854 1604 673 1190 1577 2363 1633 1930 1909 1941 1719 1550 1584 860 1143 1950 1892 1370 2091 4492 
653 1624 1153 786 1471 565 855 801 1173 1668 1381 1451 1652 1320 23 654 1690 587 689 338 347 723 2198 0 2170 673 1221 449 696 596 625 1478 1281 2163 1461 660 1098 1543 879 2100 1349 346 787 1621 1366 946 410 1327 795 740 1185 672 958 1445 1447 1574 1194 616 1157 537 5539 
1885 1131 1508 1565 979 1915 1538 1566 1486 847 1178 1247 619 1362 2155 1914 815 1982 1708 1836 2146 1870 111 2179 0 1901 1526 1924 1886 1989 1861 1354 1534 68 1258 1917 1560 1688 1368 511 1183 1827 1577 646 1163 1550 2336 1580 1877 1856 1914 1691 1523 1531 833 1116 1923 1865 1343 2064 4495 
54 1861 637 1022 966 107 1091 1038 657 1580 876 945 1377 814 648 65 1548 205 926 575 485 49 1911 672 1851 0 737 686 22 202 203 972 775 1875 956 183 582 1059 622 1813 844 583 1024 1363 861 1183 717 821 196 73 1422 909 1195 939 1190 1068 1431 58 1394 958 5776 
762 1680 453 1694 602 795 1763 1709 431 1242 513 583 1013 383 1193 714 1210 837 1597 1246 1030 711 1547 1217 1487 742 0 1345 746 890 645 608 165 1511 593 707 505 520 957 1449 454 1248 1695 1041 498 1854 1262 195 765 733 2093 1580 1866 363 879 700 2102 783 1738 1503 5602 
676 1426 976 587 1567 588 657 603 970 1470 1293 1362 1401 1318 428 677 1492 610 491 116 501 746 1947 451 1919 696 1342 0 719 619 648 1589 1387 1912 1373 683 1029 1664 628 1849 1261 107 589 1370 1278 748 609 1433 818 763 987 474 760 1565 1196 1434 996 639 959 813 5341 
79 1887 614 1048 943 133 1117 1063 634 1583 853 922 1355 791 674 59 1551 230 951 601 510 50 1888 697 1828 25 738 712 0 228 198 950 753 1852 933 178 559 1060 647 1790 821 609 1050 1382 838 1208 742 798 218 60 1447 935 1220 916 1215 1045 1457 83 1420 984 5802 
192 1804 775 965 1094 104 1034 980 795 1651 1004 1073 1466 942 590 193 1619 155 868 517 427 262 2012 614 1979 212 844 628 235 0 199 1100 903 1977 1083 234 721 1166 693 1914 971 526 966 1434 989 1125 659 949 333 279 1364 851 1137 1067 1261 1196 1373 155 1336 900 5719 
223 1813 625 974 943 165 1043 990 645 1583 853 922 1355 791 600 125 1551 118 877 527 436 156 1888 623 1828 187 631 638 188 184 0 950 753 1853 933 31 570 953 754 1790 821 535 976 1382 838 1134 668 783 354 200 1373 861 1146 917 1219 1045 1383 199 1346 910 5728 
994 1524 749 1804 446 1064 1776 1804 726 1086 545 594 857 481 1418 1022 1054 1090 1845 1495 1254 978 1391 1442 1303 1010 635 1606 995 1157 969 0 642 1349 582 1026 801 724 1077 1293 444 1503 1816 885 530 1788 1486 688 985 964 2152 1829 1761 454 911 548 2162 1015 1582 1728 5446 
783 1689 462 1731 611 853 1800 1747 440 1251 523 592 1023 392 1207 811 1219 879 1634 1266 1043 767 1556 1230 1496 799 172 1354 784 946 758 618 0 1520 602 815 515 676 966 1458 463 1257 1733 1050 507 1891 1275 77 774 753 2130 1618 1903 536 888 709 2140 803 1747 1517 5611 
1873 1115 1493 1550 963 1899 1522 1550 1470 832 1163 1232 604 1347 2140 1924 800 1992 1693 1821 2156 1880 43 2163 56 1893 1537 1909 1897 1973 1871 1366 1544 0 1243 1928 1545 1698 1353 495 1167 1811 1562 631 1148 1534 2321 1590 1887 1866 1898 1676 1507 1542 818 1100 1908 1850 1328 2049 4469 
983 1417 532 1669 388 1054 1641 1669 510 979 94 25 755 387 1407 1012 947 1080 1683 1308 1244 968 1298 1431 1270 999 601 1396 984 1146 959 559 609 1263 0 1015 585 809 840 1200 194 1299 1681 762 105 1653 1476 654 975 953 2017 1666 1626 653 575 255 2027 1004 1447 1717 5344 
200 1839 649 1000 967 183 1069 1016 669 1607 877 946 1379 815 626 101 1575 144 903 553 462 132 1912 649 1852 164 682 664 164 210 33 974 777 1877 957 0 594 1004 730 1814 845 561 1002 1406 862 1160 694 822 340 176 1399 887 1172 941 1243 1069 1409 175 1372 936 5754 
545 1676 54 1384 802 616 1453 1400 74 1238 468 538 1015 466 1038 604 1206 711 1287 913 875 581 1558 1062 1529 570 508 1001 545 710 590 764 516 1522 548 629 0 917 804 1460 436 903 1386 1021 453 1544 1107 561 519 561 1783 1271 1556 761 834 694 1793 566 1706 1348 5603 
1083 1860 862 2014 781 1116 2083 2030 840 1421 760 810 1193 659 1514 1034 1389 1158 1917 1567 1350 1031 1726 1537 1666 1063 526 1678 1066 1211 966 696 675 1691 798 1027 915 0 1285 1628 659 1575 2016 1220 745 2124 1582 705 1090 1053 2414 1901 2097 303 1126 874 2423 1104 1917 1824 5782 
592 1465 775 1011 1007 619 1080 1027 769 1026 733 802 841 758 859 670 994 716 915 540 932 662 1387 883 1359 613 972 628 635 693 781 1029 979 1352 813 789 827 1253 0 1289 701 531 1013 809 718 1172 1040 1025 679 680 1411 898 1184 1096 636 874 1420 569 1383 1245 5433 
1824 1066 1443 1501 914 1850 1473 1501 1421 783 1114 1183 554 1298 2090 1875 751 1943 1643 1772 2107 1831 540 2114 512 1844 1488 1859 1848 1924 1822 1317 1495 505 1194 1879 1496 1649 1304 0 1118 1762 1513 582 1099 1485 2272 1541 1838 1817 1849 1627 1458 1493 769 1051 1859 1801 1279 1999 4262 
848 1345 397 1597 391 918 1570 1598 375 907 110 179 683 251 1272 877 875 944 1547 1173 1109 832 1226 1296 1198 864 465 1261 849 1011 823 409 473 1191 182 880 450 659 705 1128 0 1163 1609 690 94 1582 1340 519 840 818 1945 1531 1555 503 503 258 1955 869 1375 1582 5272 
580 1319 880 480 1471 492 549 496 875 1363 1197 1267 1305 1222 332 581 1384 514 383 9 405 650 1852 355 1823 600 1246 102 623 523 552 1493 1291 1816 1277 587 933 1568 533 1754 1165 0 482 1274 1182 640 513 1337 722 667 880 367 652 1469 1101 1338 889 543 852 717 5234 
1030 868 1366 10 1441 941 132 54 1360 912 1603 1672 979 1707 781 1031 933 963 196 477 854 1100 1593 805 1565 1050 1695 588 1073 973 1002 1843 1755 1558 1683 1037 1418 2018 1018 1495 1608 485 0 980 1588 228 963 1801 1171 1117 508 179 201 1919 1218 1573 517 993 400 658 4862 
1341 680 985 960 506 1368 932 960 963 242 655 725 31 840 1608 1419 210 1465 1102 1289 1681 1411 659 1631 630 1361 1054 1377 1384 1441 1411 908 1061 623 735 1468 1038 1241 821 561 660 1279 972 0 640 944 1789 1107 1427 1406 1308 1086 917 1084 286 625 1318 1318 738 1458 4624 
888 1321 437 1573 481 958 1546 1574 415 883 30 99 660 291 1312 916 851 984 1587 1212 1148 872 1203 1335 1174 903 505 1300 888 1050 863 499 513 1167 110 920 489 749 744 1105 104 1203 1585 666 0 1558 1380 558 879 858 1922 1570 1531 593 479 348 1931 908 1351 1622 5248 
1199 832 1535 270 1405 1111 136 275 1530 876 1568 1637 944 1752 951 1200 898 1133 366 646 1024 1269 1558 975 1529 1220 1865 757 1243 1142 1172 1807 1925 1522 1648 1206 1588 2140 1187 1460 1572 654 260 945 1553 0 1132 1970 1341 1287 476 349 40 1983 1183 1537 486 1162 365 722 4755 
713 1791 1213 952 1532 625 1021 967 1233 1835 1442 1511 1818 1380 397 714 1856 647 855 504 407 783 2365 421 2336 733 1282 615 756 656 685 1538 1341 2329 1521 720 1159 1604 1046 2267 1409 513 953 1787 1427 1112 0 1387 855 800 1351 838 1124 1505 1614 1634 1360 676 1323 707 5706 
825 1731 504 1773 653 895 1842 1789 482 1293 565 634 1065 434 1249 853 1261 921 1676 1308 1085 809 1598 1272 1538 841 201 1396 826 988 794 660 70 1562 644 855 557 705 1008 1500 505 1299 1775 1092 549 1933 1317 0 816 795 2172 1660 1945 565 930 751 2182 845 1789 1559 5653 
170 1994 583 1156 969 240 1225 1171 603 1609 879 948 1381 818 781 260 1577 338 1059 708 618 252 1914 805 1854 202 771 819 206 335 373 976 779 1879 959 378 528 1099 704 1816 847 716 1157 1408 864 1316 850 824 0 233 1555 1042 1328 943 1245 1071 1564 191 1527 1091 5909 
127 1936 593 1098 911 182 1167 1113 613 1551 821 890 1323 759 723 117 1519 280 1001 650 560 58 1856 747 1796 75 713 761 66 277 207 918 721 1821 901 187 538 1041 697 1758 789 658 1099 1350 806 1258 792 766 233 0 1497 984 1270 885 1187 1013 1506 133 1469 1033 5851 
1456 1235 1792 530 1808 1368 466 546 1786 1279 1971 2040 1347 2134 1208 1457 1301 1390 622 903 1281 1526 1961 1231 1932 1476 2122 1014 1499 1399 1428 2210 2182 1925 2051 1463 1844 2444 1444 1863 1975 911 532 1348 1956 466 1389 2227 1598 1543 0 606 488 2345 1586 1940 120 1419 768 792 4913 
914 1047 1250 208 1620 826 278 224 1244 1091 1567 1636 1159 1591 665 915 1113 848 31 361 738 984 1773 689 1744 934 1580 472 957 857 886 1836 1639 1737 1647 921 1302 1902 902 1675 1535 369 210 1160 1552 369 847 1685 1056 1001 608 0 381 1803 1398 1707 617 877 580 758 4962 
1208 805 1544 241 1378 1120 141 242 1538 849 1540 1609 916 1724 959 1209 870 1142 374 655 1032 1278 1530 983 1502 1228 1874 766 1251 1151 1180 1780 1933 1495 1620 1215 1596 2113 1196 1432 1545 663 254 917 1525 41 1141 1979 1350 1295 508 357 0 1956 1155 1510 517 1171 337 730 4786 
967 1728 731 1915 650 1037 1980 1930 708 1290 629 678 1061 528 1391 995 1258 1063 1818 1468 1227 951 1595 1414 1535 982 394 1579 967 1129 942 442 560 1559 666 999 783 313 1154 1497 528 1476 1917 1089 614 1992 1459 590 958 937 2314 1802 1965 0 994 742 2324 987 1786 1701 5650 
1149 935 822 1186 595 1176 1159 1187 800 497 492 561 311 676 1416 1227 465 1273 1329 1097 1489 1219 857 1440 829 1170 890 1185 1193 1250 1248 906 898 822 572 1305 874 1156 629 759 497 1088 1199 280 477 1171 1598 944 1236 1237 1535 1313 1144 1000 0 462 1544 1127 964 1685 4903 
1096 1285 655 1565 133 1167 1537 1565 633 847 325 255 618 470 1520 1125 815 1193 1707 1369 1357 1081 1152 1544 1123 1112 684 1457 1097 1259 1072 566 692 1116 243 1128 708 868 901 1054 258 1359 1577 646 336 1549 1589 737 1088 1066 1913 1691 1522 711 498 0 1923 1117 1343 1830 5207 
1460 1240 1796 534 1813 1372 470 550 1791 1284 1975 2044 1351 2138 1212 1461 1305 1394 627 907 1285 1530 1965 1236 1937 1481 2126 1018 1504 1403 1433 2215 2186 1930 2055 1467 1849 2448 1448 1867 1980 915 536 1352 1960 470 1393 2231 1602 1548 126 610 492 2350 1590 1945 0 1423 772 796 4918 
37 1803 632 964 957 49 1033 980 652 1531 867 936 1345 805 590 114 1499 146 867 517 426 106 1892 614 1842 57 759 628 80 144 211 964 767 1856 947 233 578 1087 573 1794 835 525 966 1314 852 1124 658 812 178 124 1364 851 1136 930 1141 1059 1373 0 1336 900 5718 
1368 630 1695 391 1203 1280 364 392 1673 674 1366 1435 742 1550 1119 1369 695 1302 534 815 1192 1438 1355 1143 1327 1388 1764 926 1411 1311 1340 1605 1771 1320 1445 1375 1748 1938 1356 1257 1370 823 403 742 1350 376 1301 1817 1510 1455 740 517 349 1781 981 1335 749 1331 0 890 4914 
955 1389 1455 684 1773 866 620 700 1475 1433 1683 1752 1501 1621 525 956 1455 888 776 715 648 1024 2115 548 2086 975 1523 826 998 897 927 1780 1583 2079 1763 962 1400 1845 1256 2017 1651 723 686 1502 1668 620 712 1628 1096 1042 821 760 642 1747 1740 1875 830 918 922 0 5214 
5742 4866 5597 4816 5068 5654 4752 4832 5575 4768 5268 5337 4629 5452 5494 5743 4789 5676 4909 5189 5567 5812 4359 5518 4372 5763 5641 5300 5786 5685 5715 5470 5649 4339 5347 5749 5650 5803 5457 4240 5272 5197 4818 4658 5252 4666 5675 5695 5884 5830 4849 4892 4703 5646 4922 5205 4858 5705 4956 5265 0 
# noon travel time matrix between customers (incl. depot as last customer) [int** t_travelNoon]
0 1819 598 1007 923 87 1074 1023 618 1556 850 920 1337 764 627 105 1525 186 907 557 461 100 1857 651 1784 51 723 665 72 181 241 928 730 1822 930 221 545 1054 596 1760 810 565 1009 1340 835 1167 693 768 152 102 1389 890 1180 901 1158 1022 1398 40 1370 936 5759 
1809 0 1648 828 1114 1725 813 836 1628 422 1302 1372 657 1486 1566 1816 443 1747 983 1259 1636 1878 1178 1590 1149 1830 1676 1367 1852 1756 1786 1511 1683 1143 1383 1822 1700 1843 1447 1081 1299 1268 840 657 1287 829 1740 1721 1948 1898 1175 966 801 1690 918 1247 1184 1772 613 1335 4825 
593 1622 0 1329 751 660 1396 1345 20 1192 426 495 969 415 1080 650 1161 745 1229 854 913 638 1502 1103 1473 615 461 939 590 754 633 736 467 1467 506 700 51 865 745 1405 385 845 1331 975 411 1489 1146 506 566 607 1711 1212 1502 711 788 637 1720 613 1654 1388 5555 
1017 832 1330 0 1408 933 137 50 1325 886 1559 1629 951 1693 774 1024 907 955 191 467 844 1086 1556 798 1528 1038 1683 575 1060 964 994 1805 1733 1521 1639 1030 1382 2002 995 1460 1556 476 12 952 1544 221 948 1772 1156 1106 486 174 193 1904 1175 1511 495 980 384 646 4856 
986 1143 748 1421 0 1054 1405 1429 728 713 456 388 487 551 1406 1016 682 1071 1576 1482 1240 975 1007 1430 979 1006 622 1581 985 1138 959 457 629 972 376 1028 800 789 1031 911 394 1487 1433 514 467 1422 1472 667 977 955 1768 1559 1394 636 629 133 1777 1007 1206 1714 5073 
84 1731 669 919 994 0 986 935 689 1570 921 991 1386 835 540 91 1539 98 819 469 373 153 1923 563 1855 104 789 577 126 93 162 998 801 1888 1001 198 616 1109 610 1826 880 477 921 1354 906 1080 605 839 223 172 1301 803 1092 972 1173 1093 1310 47 1283 848 5671 
1078 824 1391 156 1400 994 0 176 1386 878 1551 1621 943 1735 835 1085 899 1015 252 528 905 1147 1548 858 1520 1099 1743 636 1121 1024 1054 1797 1794 1513 1631 1091 1442 2063 1056 1451 1548 536 146 944 1536 124 1009 1832 1217 1167 443 235 153 1965 1167 1502 453 1041 375 604 4813 
1036 825 1348 50 1401 951 172 0 1344 879 1552 1622 944 1711 792 1043 900 973 209 486 863 1105 1549 816 1521 1056 1701 593 1078 982 1012 1798 1752 1514 1632 1048 1400 2021 1014 1453 1549 494 59 945 1537 214 967 1790 1175 1124 504 192 186 1923 1168 1503 513 999 376 665 4874 
613 1602 20 1317 730 680 1384 1333 0 1172 406 475 949 395 1100 670 1140 765 1217 842 933 658 1482 1123 1453 635 440 927 610 774 653 715 447 1447 486 720 71 844 733 1385 365 833 1319 955 391 1477 1166 485 586 627 1699 1200 1490 691 768 616 1708 633 1634 1408 5535 
1553 440 1232 887 698 1576 872 895 1212 0 886 956 241 1071 1625 1627 27 1674 1042 1319 1696 1612 846 1649 817 1573 1260 1426 1595 1649 1597 1095 1267 811 967 1665 1284 1427 1032 749 883 1327 899 241 871 888 1800 1305 1615 1593 1234 1025 861 1274 502 831 1243 1529 672 1394 4753 
924 1326 469 1574 475 992 1558 1581 449 896 0 89 673 307 1343 954 864 1009 1602 1227 1177 912 1206 1367 1177 944 524 1312 923 1075 897 522 531 1171 100 965 521 770 762 1109 117 1218 1586 679 25 1575 1409 569 915 892 1920 1585 1547 617 492 339 1929 945 1358 1652 5259 
992 1394 538 1642 403 1060 1627 1650 518 964 83 0 742 376 1412 1022 933 1077 1670 1296 1245 981 1274 1435 1246 1012 593 1380 991 1144 965 583 600 1240 27 1034 590 832 831 1178 186 1286 1654 747 94 1643 1478 638 983 961 1989 1654 1616 679 561 266 1998 1013 1427 1720 5328 
1359 669 1019 946 475 1382 931 954 999 238 673 742 0 857 1624 1431 207 1480 1101 1302 1655 1390 623 1647 595 1379 1038 1387 1400 1454 1375 872 1044 588 753 1443 1070 1204 837 526 669 1293 959 29 658 948 1798 1083 1393 1370 1293 1084 920 1051 308 609 1302 1335 731 1454 4590 
761 1501 372 1652 547 828 1719 1669 352 1071 305 375 849 0 1180 790 1040 846 1553 1178 1014 749 1381 1204 1353 781 309 1263 759 912 734 492 316 1346 385 802 424 616 785 1285 242 1169 1654 854 290 1750 1246 354 752 729 2035 1536 1722 463 667 482 2044 781 1534 1489 5435 
631 1581 1124 769 1442 546 836 785 1144 1635 1370 1439 1623 1283 0 638 1656 568 669 319 330 699 2159 23 2131 651 1199 427 673 577 607 1447 1249 2124 1450 643 1071 1518 847 2063 1329 327 771 1591 1355 930 391 1288 770 719 1151 653 942 1420 1409 1542 1160 593 1133 520 5521 
100 1814 648 1001 966 82 1068 1018 668 1587 893 963 1380 807 622 0 1556 180 902 551 455 94 1900 645 1827 62 698 659 59 176 136 971 773 1865 973 116 595 1017 627 1803 853 559 1003 1371 878 1162 688 811 239 119 1384 885 1174 944 1190 1065 1393 81 1365 930 5753 
1525 461 1205 908 670 1549 892 916 1185 31 859 928 213 1043 1646 1599 0 1647 1063 1339 1716 1585 818 1670 789 1546 1232 1447 1568 1621 1570 1067 1239 783 939 1638 1257 1399 1004 721 855 1347 920 213 844 909 1820 1278 1588 1565 1255 1046 881 1246 475 804 1264 1502 693 1415 4773 
173 1755 733 943 1051 89 1009 959 753 1660 978 1048 1465 892 563 180 1628 0 843 493 397 242 1985 587 1912 194 813 600 216 139 113 1056 858 1950 1058 149 680 1133 700 1888 938 501 944 1444 963 1103 629 896 312 262 1325 826 1116 1029 1262 1150 1334 136 1306 872 5695 
928 1008 1240 196 1584 844 263 212 1236 1061 1574 1644 1127 1604 685 935 1083 865 0 378 755 997 1732 708 1703 948 1593 486 971 874 904 1841 1644 1697 1654 940 1292 1913 906 1635 1533 386 198 1127 1559 356 859 1682 1067 1016 578 38 369 1815 1351 1686 587 891 559 739 4948 
568 1286 862 474 1448 484 541 490 858 1340 1196 1265 1303 1225 325 575 1361 505 374 0 395 637 1840 348 1811 588 1233 107 611 514 544 1482 1279 1805 1276 580 914 1553 528 1743 1155 8 476 1271 1181 635 499 1317 707 657 856 358 647 1455 1090 1312 865 531 838 710 5226 
454 1656 948 844 1266 370 911 860 968 1710 1193 1263 1680 1107 323 461 1731 392 744 394 0 523 2200 347 2127 475 1022 502 497 401 430 1271 1073 2165 1273 467 895 1342 922 2103 1153 402 846 1666 1178 1004 389 1111 593 543 1226 727 1017 1244 1484 1365 1235 417 1207 632 5596 
101 1884 613 1072 932 152 1138 1088 634 1572 859 928 1346 773 692 89 1540 250 972 621 526 0 1866 716 1793 45 708 729 48 246 169 936 739 1831 939 149 560 1028 661 1769 818 630 1073 1372 844 1232 758 777 240 59 1454 955 1245 909 1221 1031 1463 105 1435 1000 5823 
1900 1140 1540 1573 992 1924 1557 1580 1520 865 1194 1264 639 1378 2166 1948 834 2004 1727 1844 2172 1907 0 2189 98 1921 1555 1929 1917 1996 1892 1389 1561 42 1274 1960 1592 1721 1379 532 1191 1835 1585 665 1179 1574 2340 1600 1910 1887 1919 1711 1546 1568 850 1126 1928 1877 1357 2080 4487 
653 1603 1146 791 1464 568 858 808 1166 1657 1392 1461 1645 1306 23 660 1678 590 691 341 352 722 2181 0 2153 673 1221 449 695 599 629 1469 1271 2146 1472 665 1093 1540 869 2085 1351 349 793 1613 1377 952 413 1310 792 741 1173 675 964 1442 1431 1564 1183 616 1155 542 5543 
1873 1113 1513 1546 965 1897 1530 1553 1493 838 1167 1237 612 1351 2138 1905 806 1960 1700 1817 2128 1864 112 2162 0 1894 1511 1902 1874 1969 1848 1331 1518 68 1247 1917 1565 1678 1352 505 1164 1808 1558 638 1152 1547 2313 1556 1866 1844 1892 1684 1519 1525 823 1099 1901 1850 1330 2053 4490 
55 1838 624 1026 952 106 1092 1042 644 1574 879 949 1366 793 646 66 1543 204 926 575 480 48 1886 670 1813 0 735 683 22 200 196 957 759 1851 960 176 571 1055 615 1790 839 584 1027 1358 864 1186 712 797 194 73 1408 909 1199 930 1177 1051 1417 59 1389 955 5778 
759 1664 442 1697 594 795 1764 1713 422 1234 510 580 1008 372 1188 713 1203 835 1597 1247 1022 708 1528 1212 1455 740 0 1333 742 889 646 599 161 1493 591 708 494 520 956 1432 447 1238 1699 1035 495 1858 1254 185 760 727 2079 1581 1870 367 873 687 2088 780 1727 1497 5594 
673 1403 950 591 1536 589 658 607 945 1457 1284 1353 1391 1313 430 680 1478 611 491 116 500 742 1928 454 1899 694 1339 0 716 620 650 1587 1367 1893 1364 686 1002 1658 615 1831 1243 107 593 1359 1269 751 604 1405 812 762 973 474 764 1560 1178 1400 982 636 954 816 5343 
80 1863 602 1051 930 131 1117 1067 622 1570 857 927 1344 771 671 59 1539 229 951 600 505 48 1864 695 1791 24 730 708 0 225 196 935 737 1829 937 176 548 1055 640 1767 817 609 1052 1371 842 1211 737 775 215 61 1433 934 1224 908 1202 1029 1442 84 1414 979 5802 
187 1780 763 968 1081 103 1034 984 783 1643 1009 1078 1459 923 588 194 1612 152 868 517 422 256 1995 612 1943 208 838 625 230 0 197 1086 888 1961 1089 234 710 1157 683 1899 968 526 969 1427 994 1128 654 927 326 276 1350 851 1141 1059 1245 1181 1359 150 1331 896 5719 
224 1789 612 977 931 163 1043 993 633 1571 858 927 1345 772 597 124 1539 115 877 527 431 157 1865 621 1792 186 625 634 183 181 0 935 738 1830 938 32 559 945 751 1768 817 535 978 1371 843 1137 663 770 350 195 1359 860 1150 908 1220 1030 1368 205 1340 906 5729 
989 1515 750 1792 445 1057 1777 1800 730 1084 537 589 858 472 1409 1019 1053 1074 1835 1485 1243 978 1378 1433 1288 1009 625 1593 988 1141 962 0 632 1333 577 1031 801 712 1071 1282 440 1493 1805 885 522 1794 1475 670 980 958 2139 1819 1766 447 899 544 2148 1010 1577 1717 5444 
786 1682 460 1732 612 854 1799 1748 440 1252 528 597 1026 390 1206 816 1220 871 1632 1265 1039 774 1546 1229 1473 806 171 1350 785 938 759 616 0 1511 608 824 511 667 973 1449 464 1256 1734 1052 513 1892 1271 72 777 755 2114 1615 1905 538 890 705 2123 807 1744 1514 5612 
1858 1098 1498 1530 950 1881 1515 1538 1478 822 1152 1221 596 1336 2123 1906 791 1961 1685 1802 2129 1864 44 2147 55 1878 1512 1886 1875 1954 1849 1347 1519 0 1232 1917 1549 1679 1336 489 1148 1792 1542 623 1137 1531 2297 1557 1867 1845 1877 1668 1503 1526 807 1083 1886 1834 1315 2037 4464 
1002 1404 548 1652 383 1070 1636 1660 528 974 92 25 751 386 1421 1032 943 1087 1680 1305 1255 990 1284 1445 1255 1022 602 1390 1001 1154 975 564 609 1249 0 1043 599 812 840 1187 193 1296 1664 757 104 1653 1487 647 993 970 1998 1663 1625 659 570 246 2008 1023 1436 1730 5337 
201 1815 642 1003 961 182 1070 1020 663 1601 888 957 1375 802 624 100 1569 141 903 553 457 133 1895 647 1822 162 682 661 159 208 34 965 768 1860 968 0 589 1002 728 1798 847 561 1005 1401 873 1164 690 806 340 171 1385 887 1176 938 1250 1060 1395 181 1367 932 5755 
541 1675 53 1382 804 609 1449 1398 73 1245 479 549 1022 468 1028 598 1214 693 1282 908 862 586 1555 1052 1527 563 514 992 538 703 581 789 521 1520 559 648 0 918 798 1458 438 898 1384 1028 464 1543 1094 559 514 556 1764 1266 1555 765 841 690 1773 562 1707 1336 5608 
1077 1851 860 2015 781 1113 2082 2032 840 1421 761 812 1195 655 1508 1031 1390 1153 1916 1565 1342 1027 1715 1532 1642 1058 527 1673 1061 1207 964 700 664 1680 800 1026 912 0 1291 1618 663 1573 2017 1221 746 2130 1574 689 1089 1045 2397 1899 2102 303 1123 872 2407 1098 1913 1817 5781 
594 1458 758 1012 989 617 1079 1028 753 1028 736 806 844 766 859 667 997 715 912 537 929 662 1380 882 1352 614 983 622 636 689 779 1046 989 1346 817 784 809 1261 0 1284 696 528 1014 812 721 1172 1033 1028 680 682 1394 895 1185 1108 630 853 1403 570 1375 1244 5434 
1806 1047 1446 1479 898 1830 1463 1487 1426 771 1100 1170 545 1284 2072 1855 740 1910 1634 1750 2078 1813 531 2095 502 1827 1461 1835 1824 1902 1798 1295 1468 496 1180 1866 1498 1628 1285 0 1097 1741 1491 571 1085 1480 2246 1506 1816 1793 1825 1617 1452 1474 756 1032 1835 1783 1263 1986 4256 
865 1333 411 1581 387 933 1565 1588 391 903 110 179 680 249 1285 895 871 950 1543 1169 1118 854 1213 1308 1184 885 466 1253 864 1017 838 414 473 1178 179 907 463 662 703 1116 0 1159 1593 686 95 1582 1351 511 856 834 1927 1527 1554 509 499 251 1936 886 1365 1593 5266 
577 1296 854 483 1440 493 550 500 849 1349 1188 1257 1295 1217 334 584 1371 515 384 9 404 646 1832 358 1803 598 1243 99 620 524 553 1491 1271 1797 1268 590 906 1562 519 1735 1147 0 485 1263 1173 644 508 1309 716 666 866 367 656 1464 1082 1304 875 540 847 720 5235 
1022 843 1335 10 1419 938 133 55 1330 896 1569 1639 962 1698 779 1029 918 959 196 472 849 1091 1567 802 1538 1043 1687 580 1065 968 998 1816 1738 1532 1650 1035 1386 2007 1000 1470 1566 480 0 962 1554 231 953 1776 1161 1111 490 179 203 1909 1185 1521 500 985 394 651 4860 
1329 670 999 947 502 1352 932 955 979 239 653 722 31 837 1594 1403 208 1450 1102 1273 1664 1398 650 1618 621 1349 1053 1357 1371 1425 1401 899 1060 615 733 1470 1050 1231 808 553 649 1263 960 0 638 949 1768 1099 1415 1397 1294 1085 921 1078 278 604 1303 1305 732 1455 4621 
907 1309 453 1557 479 975 1542 1565 433 879 30 100 657 291 1327 937 848 992 1585 1211 1160 896 1189 1350 1161 927 508 1295 906 1059 880 505 515 1155 110 949 505 754 746 1093 101 1201 1569 662 0 1558 1393 553 898 876 1904 1569 1531 601 476 343 1913 928 1342 1635 5243 
1187 815 1499 253 1391 1102 136 261 1495 868 1541 1611 934 1726 943 1194 890 1124 360 637 1014 1256 1539 967 1510 1207 1852 744 1229 1133 1163 1788 1903 1504 1622 1199 1551 2120 1165 1442 1538 645 264 934 1526 0 1118 1941 1326 1275 461 343 40 1967 1157 1493 470 1150 366 713 4753 
707 1765 1200 953 1518 622 1020 969 1220 1819 1446 1515 1807 1360 396 714 1840 644 853 503 406 776 2343 420 2315 727 1275 611 749 653 683 1523 1325 2308 1526 719 1147 1594 1031 2246 1405 511 955 1775 1431 1113 0 1364 846 795 1335 836 1126 1496 1593 1618 1344 670 1316 705 5705 
821 1717 495 1767 647 889 1833 1783 475 1286 563 632 1060 425 1240 851 1255 906 1667 1300 1074 809 1581 1264 1508 841 198 1385 820 973 790 651 68 1546 643 852 546 694 1008 1484 499 1291 1768 1087 548 1927 1306 0 812 789 2149 1650 1940 566 925 740 2158 842 1779 1549 5646 
168 1967 575 1155 961 236 1222 1171 595 1601 888 958 1375 802 776 253 1570 334 1055 705 609 248 1895 799 1822 199 761 813 202 329 370 966 768 1860 969 370 522 1092 691 1799 848 713 1157 1402 873 1316 841 806 0 232 1537 1039 1328 939 1251 1060 1546 189 1519 1084 5907 
126 1915 582 1103 900 183 1170 1119 602 1540 827 897 1314 741 723 121 1509 282 1003 653 557 58 1834 747 1761 77 700 761 62 277 202 904 707 1799 907 182 528 1031 692 1737 786 661 1105 1340 812 1263 789 745 232 0 1485 986 1276 878 1189 999 1494 136 1466 1032 5855 
1447 1209 1759 528 1786 1363 464 545 1755 1263 1936 2006 1328 2120 1203 1454 1284 1384 620 897 1274 1516 1933 1227 1905 1467 2112 1005 1489 1393 1423 2182 2163 1899 2016 1459 1811 2432 1425 1837 1933 905 530 1329 1921 470 1378 2201 1586 1535 0 603 492 2334 1552 1888 122 1410 761 785 4916 
906 1024 1219 212 1600 822 279 228 1214 1077 1553 1622 1143 1582 663 913 1099 844 32 356 733 975 1748 687 1719 927 1572 464 949 853 882 1820 1622 1713 1633 919 1270 1891 884 1651 1512 364 214 1143 1538 372 837 1661 1045 995 594 0 385 1793 1367 1669 603 869 575 755 4964 
1202 786 1515 221 1363 1118 140 229 1510 840 1513 1583 905 1697 959 1209 861 1139 376 652 1029 1271 1510 982 1482 1223 1867 760 1245 1148 1178 1759 1918 1476 1593 1215 1566 2092 1180 1414 1510 660 233 906 1498 41 1133 1956 1341 1291 492 359 0 1939 1129 1465 501 1165 338 728 4786 
961 1714 723 1907 644 1029 1974 1923 703 1284 624 675 1058 518 1381 991 1253 1046 1807 1457 1214 950 1578 1404 1505 981 390 1565 960 1113 934 447 551 1543 663 1003 775 307 1154 1481 526 1465 1909 1084 609 1993 1447 576 952 930 2289 1790 1965 0 986 735 2298 982 1776 1689 5644 
1144 927 833 1175 575 1168 1159 1183 813 497 487 557 313 671 1410 1218 466 1266 1330 1088 1480 1213 849 1433 821 1165 888 1173 1187 1240 1261 898 895 814 568 1329 885 1147 623 753 484 1079 1187 281 472 1176 1584 933 1231 1233 1521 1313 1148 993 0 439 1531 1121 959 1682 4903 
1093 1280 672 1557 136 1161 1542 1565 652 849 322 254 623 473 1513 1123 818 1178 1712 1362 1346 1082 1143 1536 1115 1113 690 1447 1092 1245 1066 564 697 1109 242 1135 723 874 897 1047 260 1353 1569 650 333 1558 1579 735 1084 1062 1904 1695 1531 721 495 0 1913 1114 1342 1821 5209 
1448 1210 1760 529 1787 1364 465 546 1756 1264 1937 2007 1329 2121 1204 1455 1285 1385 621 898 1275 1517 1934 1228 1906 1468 2113 1006 1490 1394 1424 2183 2164 1900 2017 1460 1812 2433 1426 1838 1934 906 531 1330 1922 471 1379 2202 1587 1536 124 604 493 2335 1553 1889 0 1411 762 786 4915 
37 1778 622 966 947 47 1033 982 642 1523 874 943 1339 788 587 111 1492 145 866 516 420 106 1875 610 1808 57 747 624 79 140 209 951 754 1841 954 227 568 1078 563 1779 833 524 968 1307 859 1127 652 792 176 125 1348 850 1139 924 1126 1046 1357 0 1330 895 5718 
1365 611 1678 384 1187 1281 368 392 1664 664 1338 1407 730 1522 1122 1372 686 1303 539 815 1192 1434 1335 1146 1306 1386 1739 923 1408 1312 1341 1584 1745 1300 1418 1378 1729 1916 1343 1238 1334 823 396 730 1323 385 1296 1784 1504 1454 731 522 357 1763 953 1289 740 1328 0 891 4911 
947 1357 1440 676 1759 863 611 692 1461 1410 1686 1755 1476 1600 523 954 1432 884 768 712 647 1016 2081 547 2052 967 1515 820 990 893 923 1763 1566 2046 1766 959 1387 1835 1240 1984 1645 720 677 1476 1671 617 707 1604 1086 1035 791 751 639 1736 1699 1858 800 910 908 0 5209 
5745 4826 5592 4827 5044 5661 4762 4843 5572 4729 5246 5316 4596 5430 5502 5752 4750 5683 4919 5195 5572 5814 4356 5526 4368 5766 5606 5303 5788 5692 5721 5441 5613 4336 5326 5758 5644 5773 5431 4230 5243 5203 4828 4626 5231 4686 5676 5652 5884 5834 4851 4902 4722 5620 4902 5178 4860 5708 4922 5271 0 
# afternoon/PM travel time matrix between customers (incl. depot as last customer) [int** t_travelPM]
0 1819 603 1007 926 88 1077 1023 624 1566 867 936 1342 769 627 105 1534 187 909 557 460 101 1861 650 1788 52 725 665 74 182 244 930 731 1827 946 224 549 1057 597 1764 827 565 1009 1348 852 1171 695 769 153 102 1390 892 1178 904 1163 1025 1402 41 1371 939 5814 
1811 0 1660 828 1116 1727 813 834 1639 422 1306 1375 658 1494 1566 1818 444 1748 984 1261 1640 1880 1180 1590 1151 1832 1679 1368 1854 1758 1788 1515 1685 1145 1385 1824 1712 1846 1449 1083 1304 1269 840 660 1291 827 1742 1723 1950 1899 1172 967 799 1693 918 1249 1183 1774 613 1335 4851 
595 1641 0 1331 761 663 1400 1347 20 1214 441 510 988 434 1075 653 1182 742 1232 855 908 641 1521 1099 1492 617 467 940 592 758 631 754 472 1487 520 702 52 887 748 1424 401 846 1332 993 426 1494 1143 511 568 609 1714 1215 1501 734 804 653 1725 616 1676 1387 5599 
1020 832 1332 0 1408 937 138 50 1328 884 1562 1631 951 1704 775 1028 907 957 193 470 849 1090 1557 799 1528 1041 1688 578 1063 967 997 1807 1733 1523 1641 1033 1384 2009 1000 1460 1560 478 12 952 1547 219 951 1772 1160 1109 487 176 191 1907 1174 1518 498 983 384 650 4911 
980 1144 745 1424 0 1048 1409 1430 725 717 458 391 491 555 1393 1007 685 1060 1580 1472 1227 964 1010 1417 981 996 623 1580 979 1128 949 458 628 975 379 1020 797 789 1032 913 398 1480 1436 518 469 1423 1462 667 971 948 1768 1563 1395 637 629 133 1780 1001 1209 1705 5102 
83 1731 673 919 996 0 989 935 694 1580 937 1006 1394 839 539 91 1548 99 821 469 372 153 1931 562 1858 104 791 577 126 94 162 1000 801 1897 1016 198 619 1113 611 1834 896 477 921 1362 922 1083 607 839 223 172 1302 804 1090 974 1177 1095 1314 46 1283 851 5726 
1079 822 1391 157 1397 995 0 174 1386 874 1551 1620 940 1739 834 1086 896 1016 252 529 907 1148 1546 857 1518 1100 1747 636 1122 1026 1055 1796 1792 1512 1630 1092 1443 2068 1058 1449 1549 537 147 941 1536 123 1010 1831 1218 1167 440 234 152 1965 1163 1507 451 1042 374 603 4864 
1037 826 1349 50 1402 953 174 0 1345 878 1556 1625 944 1720 792 1044 900 974 210 487 866 1107 1550 816 1522 1058 1705 595 1080 984 1014 1800 1750 1516 1635 1050 1401 2026 1016 1454 1554 495 57 946 1541 212 968 1789 1176 1126 504 193 184 1923 1168 1512 515 1000 378 667 4928 
615 1620 20 1318 740 683 1388 1334 0 1193 421 490 967 414 1095 673 1161 762 1220 843 928 661 1500 1119 1472 637 446 927 613 778 651 733 451 1466 500 722 72 866 736 1403 381 833 1320 972 406 1482 1164 490 588 629 1701 1203 1488 713 783 633 1712 636 1655 1407 5578 
1568 437 1245 886 701 1591 871 892 1224 0 891 960 243 1079 1624 1642 29 1690 1042 1319 1698 1606 850 1648 821 1588 1264 1427 1611 1659 1591 1100 1270 815 970 1662 1297 1431 1034 753 889 1327 898 245 876 885 1800 1308 1613 1589 1231 1025 857 1278 503 834 1242 1544 671 1394 4776 
929 1329 477 1579 478 997 1564 1585 457 902 0 88 676 311 1343 956 871 1009 1612 1235 1176 914 1209 1366 1181 945 526 1320 928 1077 898 524 532 1175 98 969 529 773 767 1112 119 1225 1591 681 25 1578 1411 570 921 897 1924 1595 1550 620 492 339 1935 950 1364 1654 5287 
998 1398 545 1647 406 1065 1633 1653 525 971 83 0 745 379 1411 1025 939 1078 1680 1303 1244 982 1278 1435 1249 1014 595 1388 997 1145 967 589 600 1244 27 1038 597 838 835 1181 188 1294 1660 750 94 1646 1479 639 989 965 1992 1663 1619 685 561 268 2003 1019 1433 1723 5356 
1373 665 1030 945 476 1396 931 951 1010 238 677 746 0 864 1627 1424 207 1477 1102 1308 1643 1381 624 1651 596 1393 1039 1392 1395 1464 1365 874 1044 590 756 1436 1082 1206 839 527 675 1298 958 29 662 944 1803 1083 1388 1364 1290 1084 916 1053 308 609 1301 1349 730 1453 4614 
760 1509 387 1668 553 827 1738 1684 367 1082 310 379 857 0 1173 787 1051 840 1570 1193 1006 744 1390 1197 1361 776 311 1278 759 907 729 495 316 1355 389 800 439 620 801 1293 243 1184 1670 861 295 1758 1241 355 751 727 2052 1553 1730 468 673 484 2063 781 1544 1485 5467 
632 1583 1124 771 1442 548 840 787 1144 1635 1382 1451 1632 1285 0 639 1657 568 673 321 332 701 2169 23 2141 652 1201 428 675 578 608 1446 1246 2135 1461 644 1070 1522 850 2073 1342 329 773 1600 1367 935 391 1285 771 720 1154 655 941 1420 1415 1541 1165 595 1135 521 5578 
102 1814 653 1002 971 82 1072 1018 673 1597 912 981 1387 814 621 0 1566 182 904 552 455 94 1906 645 1833 62 701 659 59 177 138 975 776 1872 991 118 599 1022 629 1809 871 560 1004 1379 897 1166 690 814 241 119 1385 886 1172 949 1194 1070 1396 81 1366 933 5809 
1538 458 1215 907 671 1561 892 913 1195 31 862 931 214 1049 1645 1612 0 1661 1063 1340 1719 1577 820 1669 792 1559 1235 1448 1581 1629 1561 1070 1240 786 941 1632 1267 1401 1005 723 860 1348 919 215 847 906 1821 1279 1584 1560 1251 1046 878 1249 474 805 1263 1515 692 1414 4797 
173 1754 734 942 1052 89 1012 958 755 1669 993 1062 1468 895 562 180 1638 0 844 492 395 242 1987 585 1914 194 814 600 216 139 113 1056 857 1953 1072 150 680 1136 701 1890 953 500 944 1451 978 1106 630 896 312 261 1325 827 1113 1030 1266 1151 1337 136 1306 874 5749 
931 1005 1243 193 1581 847 263 209 1239 1057 1585 1654 1124 1614 686 938 1079 868 0 381 760 1001 1730 710 1701 952 1599 489 974 878 908 1844 1644 1695 1664 944 1295 1920 910 1633 1545 389 195 1125 1570 357 862 1683 1070 1020 577 39 364 1817 1347 1691 588 894 557 740 5000 
569 1287 862 475 1459 485 544 491 857 1339 1203 1272 1311 1233 324 576 1361 505 377 0 397 638 1848 347 1820 589 1237 107 612 515 545 1481 1282 1814 1282 581 914 1558 529 1751 1163 8 477 1279 1188 639 499 1320 708 657 858 359 645 1455 1094 1321 869 532 839 712 5282 
455 1657 947 845 1265 371 915 861 968 1709 1206 1275 1681 1108 322 462 1731 392 747 395 0 525 2200 345 2127 476 1025 503 498 402 432 1269 1070 2166 1285 468 893 1346 924 2103 1166 403 847 1675 1191 1009 390 1109 594 544 1228 730 1015 1243 1490 1364 1240 418 1209 634 5652 
102 1885 615 1073 933 153 1142 1089 636 1575 874 943 1349 776 692 90 1543 253 975 623 525 0 1868 716 1795 45 709 730 48 248 171 937 738 1834 953 151 561 1031 663 1771 834 631 1075 1376 859 1237 761 776 241 59 1456 957 1243 911 1229 1032 1467 106 1437 1004 5880 
1913 1140 1550 1573 993 1938 1558 1579 1530 866 1197 1266 640 1384 2169 1941 834 1994 1729 1850 2160 1898 0 2193 98 1929 1556 1934 1913 2006 1883 1391 1562 42 1276 1953 1602 1723 1381 533 1195 1840 1585 667 1182 1572 2345 1600 1905 1881 1917 1712 1544 1570 850 1126 1928 1891 1358 2080 4519 
653 1604 1145 792 1463 569 862 808 1165 1656 1403 1472 1653 1306 23 660 1678 590 694 342 353 722 2191 0 2162 674 1222 449 696 599 629 1467 1267 2156 1482 666 1091 1543 871 2094 1363 350 794 1621 1388 956 412 1306 792 741 1175 676 962 1441 1436 1562 1186 616 1156 542 5599 
1873 1115 1525 1548 968 1913 1533 1554 1505 841 1172 1241 615 1359 2145 1900 809 1953 1704 1825 2119 1857 116 2168 0 1889 1516 1910 1872 1981 1842 1333 1521 71 1251 1913 1577 1682 1357 509 1170 1816 1560 642 1157 1547 2320 1560 1864 1840 1893 1687 1519 1529 826 1101 1904 1867 1333 2056 4524 
56 1839 632 1027 957 107 1097 1043 653 1586 898 967 1373 800 646 67 1554 207 929 577 480 48 1892 670 1819 0 737 684 22 202 198 961 762 1858 977 179 578 1058 618 1795 858 585 1029 1368 883 1191 715 801 196 74 1410 912 1197 935 1183 1056 1421 61 1391 958 5834 
762 1668 441 1701 599 796 1771 1717 421 1241 518 587 1015 376 1180 713 1209 839 1603 1247 1013 710 1534 1203 1461 741 0 1332 744 891 648 603 160 1500 597 712 493 526 974 1437 451 1238 1703 1042 503 1865 1248 185 758 730 2085 1586 1872 373 881 692 2096 783 1733 1492 5626 
674 1404 950 592 1548 590 662 608 946 1456 1292 1361 1400 1321 429 681 1478 611 494 117 502 743 1937 452 1908 695 1342 0 717 620 650 1586 1371 1902 1371 687 1002 1663 617 1840 1252 107 594 1368 1277 756 604 1410 813 762 975 477 762 1560 1183 1409 987 637 956 817 5399 
81 1864 610 1052 935 132 1122 1068 630 1577 876 945 1351 778 671 60 1545 232 954 602 505 48 1870 695 1797 24 734 709 0 227 198 939 740 1836 955 178 556 1058 642 1773 836 610 1054 1378 861 1216 740 778 217 60 1435 936 1222 913 1208 1034 1446 85 1416 983 5859 
189 1781 763 969 1082 105 1038 985 784 1655 1022 1091 1469 924 588 196 1624 153 870 519 421 258 2006 612 1943 210 841 626 232 0 199 1085 886 1972 1101 235 709 1162 687 1910 982 527 970 1437 1007 1132 656 925 328 277 1352 853 1139 1059 1252 1181 1363 152 1333 900 5776 
225 1789 611 977 929 164 1047 993 632 1571 870 939 1345 772 596 122 1539 115 879 527 430 154 1864 620 1791 184 627 634 182 182 0 933 734 1830 949 32 557 948 751 1767 830 535 979 1372 855 1141 665 770 351 195 1360 862 1147 907 1232 1028 1371 204 1341 908 5784 
984 1516 750 1796 448 1052 1782 1802 730 1089 540 595 864 474 1398 1012 1058 1065 1829 1477 1231 969 1382 1421 1296 1000 627 1584 984 1132 954 0 633 1343 583 1024 802 715 1079 1286 445 1485 1809 891 525 1795 1466 671 976 952 2141 1811 1768 449 903 547 2152 1005 1582 1710 5474 
786 1688 461 1728 619 854 1798 1744 441 1261 538 607 1035 396 1199 813 1229 866 1630 1267 1033 771 1554 1223 1481 802 173 1352 785 934 755 623 0 1520 617 826 513 670 993 1457 471 1258 1730 1062 523 1892 1268 72 778 754 2112 1613 1899 546 900 711 2123 807 1753 1511 5646 
1871 1097 1508 1530 950 1895 1515 1536 1487 823 1154 1223 597 1342 2127 1898 791 1951 1686 1807 2117 1855 45 2150 55 1887 1514 1892 1870 1963 1840 1349 1519 0 1233 1911 1560 1680 1339 491 1152 1798 1542 624 1139 1529 2302 1558 1862 1838 1875 1669 1501 1528 808 1084 1886 1849 1315 2038 4496 
1007 1407 555 1657 386 1075 1642 1663 535 980 92 25 754 389 1421 1035 949 1088 1690 1313 1254 992 1287 1444 1259 1023 604 1398 1006 1155 976 569 610 1253 0 1047 607 818 845 1191 195 1304 1669 759 103 1656 1489 648 999 975 2002 1673 1628 665 571 248 2013 1028 1442 1733 5365 
201 1816 646 1004 964 181 1074 1020 667 1606 905 974 1380 807 623 98 1575 142 906 554 457 131 1899 647 1826 161 686 661 158 209 34 968 769 1865 984 0 592 1007 728 1802 865 562 1006 1407 890 1168 692 808 340 171 1387 888 1174 942 1268 1063 1398 180 1368 935 5811 
543 1695 54 1385 815 611 1454 1401 74 1268 495 564 1042 488 1023 601 1236 690 1286 909 856 589 1575 1047 1546 565 521 994 540 706 579 808 526 1541 574 650 0 941 802 1478 455 900 1386 1047 480 1548 1091 565 516 557 1768 1269 1555 788 858 707 1779 564 1730 1335 5653 
1083 1858 865 2022 789 1116 2091 2038 845 1431 768 824 1205 662 1511 1033 1399 1159 1923 1571 1344 1030 1724 1534 1651 1061 532 1679 1064 1211 968 705 667 1690 812 1032 917 0 1308 1627 673 1579 2023 1232 753 2137 1579 692 1091 1050 2405 1906 2109 306 1131 882 2416 1104 1923 1823 5816 
606 1464 762 1016 999 629 1085 1032 758 1037 743 812 851 772 860 680 1005 728 918 541 934 675 1388 884 1359 626 988 625 649 696 791 1055 993 1353 822 798 814 1268 0 1291 703 531 1018 819 728 1180 1036 1032 689 694 1399 900 1186 1115 634 860 1410 582 1380 1248 5465 
1820 1046 1456 1479 899 1844 1464 1485 1436 772 1103 1172 546 1290 2075 1847 740 1900 1635 1756 2066 1804 532 2099 504 1836 1462 1840 1819 1912 1789 1298 1468 498 1182 1860 1508 1629 1288 0 1101 1746 1491 573 1088 1478 2251 1506 1811 1787 1823 1618 1450 1476 757 1032 1835 1797 1264 1986 4283 
870 1336 417 1586 390 938 1571 1592 397 909 109 178 683 251 1283 897 877 950 1553 1176 1116 854 1216 1307 1188 886 467 1260 869 1017 839 416 472 1182 181 910 469 664 707 1119 0 1166 1598 688 94 1585 1352 511 861 837 1930 1535 1557 512 499 252 1942 891 1371 1595 5294 
578 1296 854 484 1451 494 554 500 849 1348 1195 1264 1303 1225 333 585 1370 515 386 9 407 648 1840 357 1812 599 1246 99 621 525 555 1491 1274 1806 1274 591 906 1567 521 1743 1155 0 486 1271 1180 648 509 1313 717 667 867 369 655 1464 1086 1313 879 541 848 721 5291 
1025 843 1337 10 1418 941 134 55 1333 895 1572 1641 961 1708 780 1032 917 962 198 475 854 1095 1567 804 1539 1046 1693 583 1068 972 1002 1817 1738 1533 1651 1038 1389 2014 1004 1470 1570 483 0 963 1557 229 956 1777 1164 1114 492 181 201 1911 1184 1528 503 988 395 655 4916 
1343 667 1008 947 502 1366 933 953 988 240 655 724 32 842 1597 1417 208 1466 1103 1278 1670 1407 651 1621 622 1364 1058 1362 1386 1434 1392 901 1063 617 734 1463 1060 1232 810 554 653 1268 959 0 640 946 1773 1102 1414 1391 1292 1086 918 1080 279 611 1303 1319 732 1455 4647 
913 1313 460 1563 482 981 1548 1569 440 886 30 99 660 294 1326 940 854 993 1596 1219 1160 897 1193 1350 1165 929 510 1303 912 1061 882 508 515 1159 109 953 512 756 750 1096 103 1209 1575 665 0 1562 1395 554 904 881 1907 1578 1534 604 476 344 1919 934 1348 1638 5271 
1192 814 1504 254 1389 1108 137 260 1500 865 1543 1612 932 1730 947 1199 888 1129 365 642 1021 1261 1538 971 1509 1213 1860 749 1235 1139 1169 1788 1905 1504 1622 1205 1556 2119 1171 1441 1541 650 266 933 1528 0 1123 1944 1331 1280 460 348 40 1967 1155 1499 471 1155 366 716 4808 
709 1767 1201 955 1519 625 1025 971 1222 1819 1460 1529 1817 1362 396 716 1841 646 857 505 410 779 2354 420 2325 730 1279 613 752 656 686 1523 1324 2320 1539 722 1147 1600 1034 2257 1420 513 957 1785 1445 1119 0 1363 848 798 1338 840 1126 1497 1600 1618 1350 672 1319 708 5762 
819 1721 494 1761 652 887 1831 1777 474 1294 571 640 1068 429 1232 846 1262 899 1663 1300 1066 804 1587 1256 1514 835 200 1385 818 967 788 656 68 1553 650 856 546 698 1026 1490 504 1291 1763 1095 556 1925 1301 0 811 787 2145 1646 1932 574 933 744 2156 840 1786 1544 5679 
171 1971 577 1159 970 239 1228 1175 598 1612 910 979 1386 812 778 257 1580 339 1061 709 611 252 1905 802 1831 204 769 816 208 334 373 973 774 1870 989 375 523 1100 694 1808 870 717 1161 1413 895 1323 847 813 0 235 1542 1043 1329 947 1259 1069 1553 192 1523 1090 5966 
128 1916 586 1104 904 184 1174 1120 607 1546 845 914 1320 747 724 121 1515 284 1006 654 557 58 1839 747 1766 77 704 762 63 279 203 908 709 1805 924 183 532 1035 695 1742 805 662 1106 1347 830 1268 792 748 234 0 1487 989 1274 882 1208 1003 1499 138 1468 1035 5911 
1451 1210 1763 530 1785 1367 467 546 1759 1261 1939 2008 1328 2126 1206 1458 1284 1388 624 901 1280 1521 1934 1230 1905 1472 2119 1009 1494 1398 1428 2184 2164 1900 2018 1464 1815 2440 1430 1837 1937 909 532 1329 1924 471 1382 2203 1591 1540 0 607 493 2338 1551 1895 120 1414 762 784 4972 
908 1019 1220 207 1595 824 277 223 1216 1071 1562 1631 1138 1591 663 915 1093 845 32 358 737 978 1744 687 1715 929 1576 466 951 855 885 1821 1621 1709 1641 921 1272 1897 887 1647 1522 366 209 1139 1547 371 839 1660 1048 997 591 0 378 1795 1361 1679 602 871 571 754 5014 
1205 785 1517 222 1361 1121 141 228 1512 837 1515 1584 904 1702 960 1212 860 1142 378 655 1033 1274 1510 983 1481 1226 1873 762 1248 1152 1181 1760 1918 1475 1594 1218 1569 2091 1184 1413 1513 663 234 905 1500 41 1136 1957 1344 1293 491 360 0 1938 1127 1471 502 1168 337 729 4840 
959 1718 725 1902 649 1027 1971 1918 705 1291 628 683 1065 522 1373 987 1259 1040 1804 1452 1206 944 1584 1396 1511 975 392 1559 959 1107 929 448 553 1550 671 999 777 308 1168 1487 533 1460 1904 1092 613 1997 1441 577 951 927 2285 1786 1969 0 991 742 2296 980 1783 1685 5676 
1159 929 840 1178 582 1182 1164 1184 820 502 487 556 316 674 1414 1233 470 1282 1335 1094 1487 1229 853 1437 824 1180 890 1179 1202 1250 1262 901 895 819 566 1333 892 1150 626 756 485 1085 1191 284 472 1177 1589 934 1242 1248 1523 1317 1149 997 0 443 1534 1136 963 1686 4931 
1089 1282 682 1562 138 1157 1548 1568 662 855 325 257 629 481 1502 1116 824 1169 1718 1367 1336 1074 1148 1526 1120 1105 697 1452 1088 1237 1058 567 702 1114 245 1129 734 880 899 1051 264 1358 1574 656 336 1561 1571 741 1081 1057 1907 1701 1533 727 496 0 1918 1110 1347 1814 5240 
1455 1213 1767 533 1789 1371 471 549 1762 1265 1943 2012 1331 2130 1210 1462 1287 1392 628 905 1283 1524 1937 1233 1909 1476 2123 1012 1498 1401 1431 2187 2168 1903 2022 1468 1819 2444 1434 1841 1941 913 535 1333 1928 475 1385 2207 1594 1543 123 610 496 2341 1555 1899 0 1418 765 788 4974 
37 1778 627 966 949 46 1036 982 647 1533 890 959 1347 792 585 111 1501 146 868 516 419 106 1884 609 1811 57 748 623 80 141 209 953 754 1850 969 229 573 1080 565 1787 850 524 968 1315 875 1130 654 792 176 125 1349 851 1136 927 1130 1048 1360 0 1330 897 5773 
1367 611 1679 384 1186 1283 369 390 1673 663 1340 1409 729 1528 1122 1374 685 1304 540 817 1196 1437 1335 1146 1307 1388 1743 925 1410 1314 1344 1585 1749 1301 1419 1380 1731 1916 1346 1238 1338 825 396 730 1325 383 1298 1787 1507 1456 729 523 355 1764 952 1296 740 1330 0 892 4940 
950 1357 1441 678 1760 866 615 694 1462 1409 1700 1769 1475 1603 523 957 1431 886 772 714 650 1019 2082 546 2053 970 1519 822 993 896 926 1764 1564 2047 1779 962 1387 1840 1243 1985 1660 722 679 1477 1685 619 709 1603 1089 1038 791 754 641 1737 1699 1859 802 913 909 0 5262 
5797 4852 5636 4876 5079 5714 4813 4892 5616 4757 5283 5352 4628 5470 5552 5805 4779 5734 4970 5247 5626 5867 4393 5576 4405 5818 5643 5355 5840 5744 5774 5478 5648 4373 5362 5810 5688 5809 5468 4264 5281 5255 4878 4658 5268 4727 5728 5687 5937 5886 4894 4953 4764 5656 4937 5212 4905 5760 4955 5322 0 
# average travel time matrix between customers (incl. depot as last customer) [int** t_travel]
0 1828 604 1007 928 89 1076 1023 624 1562 854 924 1342 772 629 107 1530 187 909 558 463 101 1866 652 1797 52 728 667 74 183 245 933 735 1831 934 225 550 1059 600 1769 817 566 1009 1345 839 1168 696 776 154 102 1395 892 1179 905 1165 1028 1405 41 1373 939 5778 
1812 0 1652 832 1120 1727 813 837 1631 425 1309 1378 661 1494 1566 1817 447 1748 983 1261 1639 1881 1184 1590 1155 1833 1686 1370 1855 1758 1787 1519 1693 1149 1389 1823 1704 1851 1455 1087 1309 1269 844 662 1294 827 1744 1733 1952 1900 1178 966 799 1697 923 1254 1188 1775 614 1336 4837 
596 1629 0 1330 753 664 1399 1346 20 1197 427 496 973 421 1082 654 1165 750 1232 856 916 638 1509 1106 1480 619 461 942 593 759 636 733 467 1474 507 695 52 872 748 1412 390 847 1332 979 412 1491 1150 508 569 610 1718 1215 1502 717 791 644 1728 616 1661 1392 5568 
1021 841 1341 0 1416 936 137 50 1336 891 1572 1641 957 1700 776 1026 913 957 192 470 848 1091 1566 799 1537 1042 1688 579 1064 967 996 1815 1739 1531 1651 1032 1393 2008 1003 1469 1571 478 12 958 1557 220 953 1780 1161 1109 492 175 192 1909 1186 1531 502 984 386 650 4875 
987 1147 750 1426 0 1055 1406 1431 730 715 459 391 488 557 1406 1015 683 1074 1577 1483 1241 973 1012 1430 984 1004 627 1585 986 1141 959 460 633 977 379 1025 802 792 1034 915 396 1488 1438 515 470 1421 1474 674 978 956 1772 1560 1393 638 631 135 1783 1008 1209 1716 5083 
85 1739 675 918 1000 0 987 934 696 1578 926 995 1392 844 540 91 1546 98 820 469 374 155 1933 563 1869 106 790 578 128 94 162 1005 807 1898 1005 198 622 1111 615 1835 888 477 920 1361 911 1080 607 847 225 173 1306 803 1090 976 1181 1100 1316 48 1284 850 5689 
1079 830 1400 156 1405 994 0 173 1394 880 1561 1630 947 1744 834 1084 902 1015 250 528 906 1149 1555 857 1527 1100 1746 637 1122 1025 1054 1804 1797 1520 1640 1090 1451 2067 1061 1457 1561 536 146 947 1546 123 1011 1838 1219 1167 445 233 152 1967 1175 1520 455 1042 376 603 4828 
1039 834 1359 50 1409 953 173 0 1354 884 1565 1634 950 1717 793 1044 906 975 210 488 866 1109 1559 817 1530 1059 1705 597 1082 984 1014 1808 1757 1524 1645 1050 1411 2026 1021 1462 1565 496 59 952 1550 213 971 1798 1179 1127 510 193 185 1926 1179 1524 520 1002 379 668 4893 
616 1608 21 1317 733 685 1385 1333 0 1177 407 476 952 401 1103 674 1145 771 1218 843 937 659 1489 1127 1460 639 440 929 614 779 656 713 447 1454 487 716 73 851 735 1391 370 834 1319 958 392 1478 1171 488 590 631 1705 1202 1488 697 771 623 1715 637 1640 1413 5548 
1561 442 1233 891 701 1586 872 896 1212 0 890 959 242 1076 1626 1637 28 1684 1042 1321 1699 1613 851 1650 822 1582 1267 1429 1604 1657 1600 1100 1274 816 970 1665 1285 1432 1036 754 890 1329 903 243 875 886 1803 1314 1619 1596 1238 1026 859 1278 504 835 1248 1538 674 1396 4763 
919 1331 467 1581 478 988 1562 1586 446 899 0 89 675 309 1338 948 868 1006 1606 1230 1173 905 1212 1362 1183 936 524 1316 919 1073 892 521 531 1177 99 957 519 770 763 1114 119 1221 1593 681 25 1576 1406 571 911 888 1928 1589 1548 616 493 342 1937 940 1363 1648 5270 
988 1400 536 1650 406 1057 1631 1655 515 968 84 0 745 378 1407 1017 937 1075 1675 1300 1241 974 1281 1431 1252 1006 593 1385 988 1142 961 584 600 1246 27 1026 588 833 833 1184 188 1290 1662 750 95 1645 1475 641 979 957 1997 1658 1618 679 563 270 2006 1009 1433 1717 5340 
1368 671 1018 950 477 1392 932 955 997 239 675 744 0 860 1630 1432 208 1484 1102 1310 1657 1390 627 1653 599 1388 1044 1395 1403 1463 1376 876 1050 592 755 1441 1070 1209 842 529 675 1300 963 29 660 946 1807 1091 1395 1372 1297 1085 918 1054 311 612 1307 1344 733 1455 4599 
761 1507 375 1654 547 829 1723 1670 354 1075 306 375 851 0 1180 790 1044 849 1556 1180 1015 747 1387 1204 1359 779 311 1266 761 915 734 492 317 1352 385 799 427 620 788 1290 243 1171 1656 857 291 1751 1248 358 753 730 2043 1539 1724 466 669 485 2052 782 1539 1490 5446 
632 1589 1127 768 1445 546 837 784 1147 1639 1371 1440 1629 1289 0 637 1661 567 670 319 329 701 2168 23 2140 652 1200 428 674 577 606 1450 1252 2134 1450 642 1073 1521 852 2072 1333 327 770 1597 1356 930 390 1293 771 719 1156 653 940 1421 1417 1545 1166 594 1135 519 5539 
100 1821 655 1000 973 82 1069 1016 675 1591 899 968 1387 817 622 0 1559 181 902 551 457 96 1911 646 1842 63 700 660 60 177 138 978 780 1876 978 118 601 1021 629 1814 861 559 1002 1374 884 1162 690 821 240 120 1389 885 1172 949 1194 1073 1398 79 1367 932 5771 
1533 463 1205 912 672 1557 893 917 1184 32 862 931 214 1047 1647 1608 0 1656 1064 1342 1719 1585 822 1671 794 1554 1239 1451 1576 1629 1572 1072 1245 788 942 1637 1257 1404 1008 725 862 1350 924 215 847 907 1824 1287 1591 1568 1259 1047 880 1250 477 807 1269 1510 695 1417 4784 
176 1762 738 941 1056 91 1009 957 758 1669 982 1052 1470 900 563 181 1637 0 842 492 397 246 1994 586 1926 197 814 600 219 139 113 1062 864 1959 1062 149 684 1136 707 1897 945 500 942 1452 967 1102 630 904 316 264 1329 826 1113 1033 1272 1156 1339 139 1307 873 5712 
931 1015 1251 194 1590 846 263 210 1247 1064 1582 1652 1131 1610 686 936 1086 867 0 380 758 1001 1740 709 1711 952 1598 489 974 877 906 1848 1650 1704 1662 942 1303 1919 913 1642 1545 388 196 1132 1567 355 863 1690 1071 1019 582 38 366 1819 1360 1702 592 894 560 740 4965 
569 1295 871 474 1462 484 542 489 866 1345 1202 1271 1309 1230 324 575 1366 505 375 0 396 639 1850 347 1821 590 1236 109 613 514 544 1486 1286 1815 1281 580 923 1557 533 1752 1164 8 475 1278 1187 635 501 1327 709 658 862 358 645 1457 1098 1327 871 532 840 710 5245 
457 1665 952 844 1270 371 912 860 972 1715 1196 1266 1684 1114 323 462 1736 393 745 395 0 526 2208 346 2140 478 1026 504 500 402 432 1276 1077 2173 1276 468 898 1347 927 2111 1159 403 846 1673 1181 1005 390 1118 597 545 1232 729 1015 1247 1493 1370 1242 420 1210 633 5615 
101 1892 617 1071 936 153 1139 1087 638 1576 862 931 1350 780 693 89 1544 251 973 622 527 0 1874 717 1805 45 709 731 49 248 172 941 743 1839 941 152 563 1030 664 1776 824 630 1073 1376 847 1233 761 783 241 59 1459 956 1243 912 1223 1036 1469 105 1438 1003 5842 
1910 1146 1542 1580 997 1935 1560 1584 1521 869 1199 1269 642 1384 2173 1952 837 2011 1731 1853 2177 1910 0 2196 98 1929 1564 1938 1923 2006 1897 1396 1570 42 1279 1961 1594 1729 1385 535 1199 1843 1592 669 1184 1575 2350 1611 1915 1893 1926 1714 1547 1574 854 1132 1936 1887 1362 2084 4500 
653 1611 1148 790 1466 568 859 806 1168 1661 1392 1462 1650 1311 23 658 1682 589 692 341 351 723 2190 0 2162 674 1222 449 696 598 628 1472 1273 2155 1472 664 1094 1542 873 2093 1355 349 792 1619 1377 952 412 1315 793 741 1178 675 962 1443 1438 1567 1188 616 1156 541 5561 
1877 1120 1516 1553 971 1909 1534 1558 1495 842 1173 1242 616 1358 2146 1907 810 1965 1704 1826 2131 1864 113 2170 0 1895 1518 1912 1878 1980 1851 1340 1525 69 1252 1916 1568 1683 1359 509 1173 1817 1565 642 1158 1548 2323 1566 1869 1847 1900 1688 1521 1529 828 1106 1910 1861 1336 2058 4503 
55 1846 631 1025 959 107 1094 1041 652 1580 885 954 1372 803 647 66 1549 206 927 576 482 49 1897 671 1828 0 737 685 22 202 199 964 766 1862 965 180 577 1058 619 1800 847 584 1027 1363 870 1187 715 807 196 74 1414 910 1197 935 1184 1059 1423 60 1392 957 5796 
761 1671 446 1698 599 796 1766 1713 425 1239 514 584 1012 377 1187 714 1208 837 1599 1247 1022 710 1537 1211 1468 741 0 1337 744 890 647 604 162 1502 594 709 498 522 963 1440 451 1242 1699 1040 499 1859 1255 189 761 730 2086 1583 1870 368 878 693 2096 782 1733 1498 5608 
675 1411 959 590 1551 589 659 606 954 1461 1290 1359 1398 1318 429 680 1483 611 492 117 501 744 1938 453 1909 695 1341 0 718 620 650 1588 1375 1903 1370 686 1011 1662 620 1840 1252 107 592 1366 1275 752 606 1416 815 763 979 475 762 1562 1186 1415 989 638 957 816 5361 
80 1872 609 1051 936 132 1119 1066 629 1577 862 932 1350 780 672 60 1545 231 952 601 507 49 1874 696 1806 25 734 710 0 227 198 942 744 1839 942 178 555 1058 643 1777 825 610 1052 1377 847 1212 740 784 217 61 1439 935 1222 913 1209 1036 1449 84 1417 982 5821 
190 1789 767 968 1086 104 1036 983 788 1650 1012 1081 1465 930 589 195 1619 154 869 518 424 259 2005 613 1955 210 841 627 233 0 199 1091 893 1970 1091 235 714 1162 688 1908 974 527 969 1433 997 1129 657 934 329 278 1356 852 1139 1062 1253 1186 1365 153 1334 899 5738 
224 1797 616 976 935 164 1045 992 637 1575 861 930 1349 779 598 124 1543 116 878 527 433 156 1873 622 1804 186 628 636 185 183 0 940 742 1838 940 32 562 949 752 1775 823 535 978 1375 846 1138 666 775 352 197 1364 861 1148 911 1224 1035 1374 203 1343 908 5747 
989 1519 750 1798 447 1058 1779 1802 729 1087 541 593 860 476 1409 1018 1055 1077 1837 1486 1243 975 1384 1432 1296 1007 629 1595 989 1144 962 0 636 1342 581 1027 802 717 1076 1287 443 1494 1810 887 526 1793 1476 677 981 958 2144 1820 1765 450 905 547 2154 1010 1581 1719 5455 
785 1687 461 1731 614 854 1799 1747 441 1255 530 599 1028 393 1204 814 1223 872 1632 1266 1039 771 1552 1228 1484 803 172 1352 785 940 758 619 0 1517 609 822 513 671 978 1455 466 1257 1733 1055 515 1892 1272 74 777 754 2119 1616 1903 540 893 709 2129 806 1748 1514 5623 
1868 1104 1500 1537 955 1892 1518 1542 1479 826 1157 1226 599 1342 2130 1910 794 1968 1688 1810 2134 1867 44 2154 56 1886 1521 1896 1881 1964 1854 1354 1528 0 1236 1919 1552 1686 1343 492 1156 1801 1549 626 1142 1532 2307 1569 1872 1850 1884 1671 1504 1532 811 1089 1894 1845 1320 2042 4477 
998 1410 545 1660 386 1067 1640 1664 525 978 93 25 754 388 1417 1027 947 1085 1685 1309 1251 984 1290 1440 1262 1015 603 1395 997 1152 970 564 610 1255 0 1035 597 813 842 1193 194 1300 1672 760 104 1654 1484 650 989 966 2006 1668 1627 659 572 250 2016 1019 1442 1727 5349 
201 1824 646 1003 964 182 1071 1019 667 1605 890 959 1378 808 625 100 1573 143 904 554 459 132 1902 648 1834 163 684 662 161 209 34 969 772 1868 970 0 592 1005 729 1805 853 562 1005 1405 875 1164 692 812 340 173 1391 888 1174 941 1254 1064 1401 179 1369 935 5774 
543 1682 54 1384 807 612 1452 1400 74 1251 481 551 1027 474 1030 601 1219 698 1285 910 865 586 1563 1054 1534 566 515 996 541 707 584 787 521 1528 561 643 0 926 802 1466 443 901 1386 1032 466 1545 1098 562 517 558 1772 1269 1556 772 845 697 1782 564 1715 1340 5622 
1081 1857 863 2017 784 1115 2086 2034 842 1425 763 816 1198 659 1511 1033 1393 1157 1919 1568 1346 1030 1722 1535 1653 1061 529 1677 1064 1210 966 701 669 1687 804 1029 915 0 1295 1625 665 1576 2019 1225 748 2131 1579 696 1090 1050 2406 1902 2103 304 1127 876 2416 1102 1918 1822 5793 
598 1463 765 1013 999 622 1082 1029 760 1031 738 807 846 766 860 673 999 720 915 540 932 667 1385 883 1357 618 981 625 640 693 784 1044 987 1351 818 791 817 1261 0 1288 700 530 1015 814 723 1175 1037 1029 683 686 1402 898 1185 1107 634 863 1411 574 1380 1246 5444 
1817 1053 1449 1487 904 1842 1467 1491 1428 776 1106 1175 549 1291 2079 1859 744 1918 1638 1760 2084 1816 535 2103 506 1836 1471 1845 1831 1913 1803 1304 1477 500 1186 1869 1501 1636 1293 0 1106 1750 1499 576 1091 1481 2257 1518 1822 1799 1833 1621 1454 1481 761 1039 1843 1794 1269 1991 4267 
861 1338 409 1588 390 930 1569 1593 388 907 110 179 682 251 1280 890 875 948 1548 1173 1115 847 1219 1304 1190 879 466 1258 861 1015 834 413 473 1184 181 899 461 662 705 1121 0 1163 1600 688 95 1583 1348 514 853 830 1934 1531 1556 508 501 254 1945 882 1371 1590 5278 
579 1304 863 483 1454 493 551 499 858 1354 1194 1263 1301 1222 333 584 1375 515 385 9 406 648 1842 357 1813 599 1245 100 622 524 554 1492 1279 1807 1273 590 915 1566 525 1744 1156 0 485 1270 1179 644 510 1320 719 667 871 368 655 1466 1090 1319 881 542 849 720 5254 
1026 852 1346 10 1426 940 133 55 1341 901 1582 1651 968 1705 780 1031 923 962 197 475 853 1096 1576 804 1548 1047 1692 584 1069 971 1001 1826 1744 1541 1662 1037 1398 2013 1008 1479 1582 483 0 969 1567 230 958 1785 1166 1114 497 180 202 1913 1196 1541 507 989 397 655 4880 
1338 673 998 952 504 1362 933 956 977 241 655 724 32 840 1600 1413 209 1461 1103 1280 1672 1406 654 1624 625 1358 1055 1366 1381 1434 1402 903 1062 619 734 1467 1050 1235 813 556 654 1270 964 0 640 947 1777 1103 1419 1398 1298 1086 919 1081 281 614 1308 1314 734 1456 4631 
903 1315 450 1565 481 972 1546 1570 430 883 30 100 659 292 1322 931 851 990 1590 1214 1156 889 1195 1345 1167 920 508 1300 902 1057 875 504 515 1161 110 941 502 753 747 1098 103 1205 1577 665 0 1560 1390 555 894 872 1911 1573 1532 600 477 345 1921 924 1347 1632 5254 
1193 821 1513 259 1395 1107 137 266 1509 870 1551 1620 937 1736 947 1198 892 1129 364 642 1020 1262 1545 971 1516 1214 1859 750 1236 1138 1168 1795 1911 1510 1631 1204 1565 2127 1175 1448 1551 650 264 938 1536 0 1125 1952 1333 1281 466 347 40 1973 1165 1510 476 1156 366 717 4772 
710 1775 1205 954 1523 624 1022 969 1225 1825 1450 1519 1814 1368 397 715 1846 646 855 504 408 780 2354 421 2326 730 1279 613 753 655 685 1528 1330 2319 1529 721 1151 1600 1037 2257 1412 513 955 1783 1435 1115 0 1372 850 798 1342 838 1126 1500 1603 1624 1352 673 1320 707 5725 
822 1723 498 1767 651 891 1836 1783 477 1291 567 636 1065 430 1241 850 1260 909 1669 1303 1075 808 1589 1264 1520 839 200 1389 822 976 791 656 69 1554 646 855 550 699 1014 1492 503 1294 1769 1092 551 1929 1308 0 813 791 2156 1652 1939 569 930 745 2166 843 1785 1551 5660 
170 1978 579 1157 967 239 1225 1173 599 1608 893 962 1381 811 779 257 1576 337 1059 708 613 251 1905 802 1836 202 767 816 206 333 372 972 774 1870 973 375 525 1097 697 1808 855 716 1159 1408 878 1319 846 815 0 234 1545 1042 1329 943 1252 1067 1555 191 1523 1089 5928 
127 1923 587 1102 905 183 1171 1118 608 1546 831 901 1319 749 724 120 1515 282 1004 653 558 58 1843 747 1775 77 706 762 64 278 204 910 713 1809 911 184 533 1036 695 1746 794 661 1104 1346 816 1263 791 753 233 0 1490 987 1274 882 1195 1005 1500 136 1468 1034 5873 
1452 1218 1772 530 1793 1366 466 546 1767 1268 1949 2018 1335 2127 1206 1457 1290 1388 622 901 1279 1521 1943 1230 1914 1472 2118 1010 1494 1397 1427 2192 2170 1908 2029 1462 1824 2439 1433 1846 1949 909 532 1336 1934 469 1383 2211 1592 1540 0 606 491 2339 1563 1908 121 1415 764 787 4934 
910 1030 1230 209 1605 824 278 225 1225 1080 1561 1630 1147 1588 664 915 1102 846 32 359 736 979 1755 688 1726 930 1576 468 953 855 885 1826 1628 1720 1641 921 1282 1897 891 1658 1523 367 211 1148 1546 371 841 1669 1050 998 598 0 382 1797 1376 1685 608 873 576 756 4980 
1205 792 1526 228 1368 1120 141 233 1520 842 1523 1592 909 1708 960 1210 864 1141 376 654 1032 1275 1517 983 1489 1226 1872 763 1248 1151 1180 1767 1923 1482 1603 1216 1577 2099 1187 1420 1523 662 241 910 1508 41 1137 1964 1345 1293 497 359 0 1945 1137 1482 507 1168 338 729 4804 
963 1720 727 1908 648 1031 1975 1924 706 1289 627 679 1062 523 1382 991 1257 1050 1810 1459 1216 949 1586 1405 1517 980 392 1568 962 1117 935 446 555 1551 667 1001 779 310 1159 1489 529 1467 1910 1089 612 1994 1449 581 954 932 2296 1793 1967 0 991 740 2306 983 1782 1692 5657 
1151 931 832 1180 584 1176 1161 1185 811 499 489 558 314 674 1414 1226 467 1274 1332 1093 1486 1221 853 1437 825 1172 890 1179 1194 1247 1257 902 896 819 569 1323 884 1151 626 756 489 1084 1193 282 474 1175 1591 937 1237 1240 1527 1315 1147 997 0 448 1537 1128 962 1685 4913 
1093 1283 670 1562 136 1162 1543 1566 649 851 324 256 624 475 1512 1122 819 1180 1713 1366 1347 1079 1148 1536 1120 1110 691 1452 1093 1247 1066 566 697 1113 244 1131 722 874 899 1051 261 1357 1574 651 335 1556 1580 738 1085 1062 1908 1696 1529 720 497 0 1918 1114 1344 1822 5219 
1455 1221 1775 532 1797 1369 469 549 1770 1271 1952 2021 1337 2130 1209 1460 1293 1391 626 904 1281 1524 1946 1233 1918 1475 2121 1012 1498 1400 1430 2195 2173 1911 2032 1465 1827 2442 1436 1849 1952 912 534 1339 1937 472 1386 2214 1595 1543 125 608 494 2342 1566 1911 0 1418 767 790 4936 
37 1787 627 966 951 48 1034 982 647 1529 877 946 1344 795 588 112 1498 146 867 517 422 106 1884 611 1821 57 752 625 80 142 210 956 759 1849 957 230 573 1082 567 1787 840 525 968 1312 862 1127 655 799 177 125 1354 851 1137 927 1133 1051 1364 0 1332 898 5737 
1367 618 1684 387 1192 1282 367 392 1670 667 1348 1417 734 1534 1121 1372 689 1303 538 816 1194 1437 1342 1145 1314 1388 1749 925 1410 1313 1342 1592 1755 1307 1428 1378 1736 1924 1349 1245 1348 824 399 734 1333 382 1299 1796 1507 1455 734 521 354 1770 962 1307 743 1330 0 891 4922 
951 1368 1446 680 1764 865 616 696 1466 1418 1690 1759 1484 1608 524 956 1440 886 772 714 649 1020 2093 547 2064 971 1519 823 994 896 926 1769 1571 2058 1770 961 1392 1840 1247 1996 1652 722 681 1485 1675 619 710 1612 1091 1039 801 755 641 1740 1713 1864 811 914 913 0 5229 
5762 4848 5609 4840 5064 5677 4776 4856 5588 4752 5266 5335 4618 5451 5516 5767 4773 5698 4933 5211 5589 5831 4370 5540 4382 5783 5630 5320 5805 5707 5737 5463 5637 4350 5345 5773 5661 5795 5452 4245 5266 5219 4842 4648 5251 4693 5693 5678 5902 5850 4865 4916 4730 5641 4921 5199 4875 5725 4945 5286 0 
# max. deviation of (average) travel time matrix between customers (incl. depot as last customer) [int** t_travel_maxDev]
0 17 6 0 6 2 1 0 6 4 13 12 4 11 2 3 4 1 0 0 5 1 13 3 22 0 8 2 0 2 4 8 9 13 12 3 5 6 5 12 10 1 0 3 13 3 4 14 2 0 10 0 1 3 8 9 9 0 4 2 36 
3 0 8 6 8 0 0 2 8 6 9 9 6 8 0 1 6 1 1 1 1 4 9 0 10 2 16 3 3 0 1 12 16 9 8 1 8 12 13 8 13 1 6 6 9 2 4 22 5 2 9 1 2 10 10 11 8 3 2 1 14 
2 12 0 1 8 4 1 1 0 17 14 14 15 13 9 3 17 13 1 2 11 3 12 9 12 4 6 4 4 4 6 21 5 13 13 7 0 15 1 12 11 2 0 14 14 3 9 3 3 4 11 1 0 17 13 9 10 3 15 9 31 
4 16 20 0 14 1 1 0 19 10 21 21 12 4 1 2 10 2 1 2 2 4 17 1 17 3 3 4 4 1 1 17 11 16 22 1 20 5 10 16 26 2 0 12 21 1 5 16 6 3 11 1 1 5 22 31 11 4 4 4 36 
6 5 7 6 0 8 3 1 5 2 3 1 3 6 11 7 2 15 3 11 13 5 7 11 6 5 7 9 8 15 9 3 9 6 1 3 7 4 4 6 2 8 6 3 3 2 12 13 7 7 8 3 2 1 4 2 7 6 1 11 19 
3 15 8 1 8 0 2 1 7 4 11 11 4 12 0 0 4 1 1 0 3 3 10 1 24 2 1 0 3 0 0 10 11 9 11 0 7 2 9 10 8 0 1 4 11 3 2 16 4 2 8 1 2 6 11 10 7 3 2 1 37 
1 14 16 1 12 1 0 3 16 8 19 19 9 13 1 2 7 1 2 1 1 1 14 1 14 0 1 1 1 1 1 15 8 14 19 2 17 1 7 14 23 1 1 9 18 1 2 13 2 0 7 2 1 2 20 29 6 1 1 1 36 
4 16 20 0 14 2 1 0 19 10 21 21 12 3 2 0 10 2 0 2 2 4 17 1 17 4 4 4 4 2 1 17 11 16 21 0 20 5 10 16 25 2 0 11 21 1 5 16 6 3 11 0 1 6 22 31 11 4 4 4 35 
4 12 1 1 7 5 3 1 0 16 14 14 15 13 10 5 16 14 2 0 13 2 11 10 12 6 6 2 5 6 8 20 4 12 13 6 1 15 1 12 11 0 1 14 14 4 11 2 4 5 9 1 2 16 12 10 8 4 15 10 30 
7 6 12 9 2 5 0 4 12 0 2 2 1 3 2 5 1 6 0 2 2 7 5 1 5 6 9 5 7 6 11 5 10 4 2 2 12 6 6 4 6 2 9 2 2 2 6 15 8 9 10 0 2 3 3 5 10 6 4 2 13 
10 6 10 8 2 9 2 4 11 3 0 0 1 2 5 8 3 3 6 5 4 9 7 5 7 9 2 4 9 4 6 3 1 6 1 12 10 3 4 7 1 4 8 1 0 2 5 3 10 9 10 6 2 4 2 5 10 10 4 6 17 
10 8 9 9 2 8 2 5 10 3 0 0 1 1 5 8 2 3 5 3 4 8 8 4 8 8 2 3 9 3 6 5 0 7 0 12 9 5 2 7 2 4 9 2 0 1 4 4 10 8 11 5 1 6 2 5 11 10 4 6 16 
5 8 12 9 3 5 0 5 13 2 2 2 0 4 7 9 1 10 0 8 16 7 5 8 5 5 9 11 10 8 12 6 11 5 1 3 12 6 8 5 4 9 8 0 2 2 12 15 9 10 10 0 2 4 4 5 10 5 4 3 15 
1 2 12 14 6 3 15 14 13 7 4 4 6 0 6 1 7 10 14 13 8 2 3 6 3 2 1 12 2 10 4 3 2 3 4 3 12 2 13 3 0 13 14 4 4 7 7 7 1 2 9 14 6 2 4 2 11 1 5 6 21 
0 13 4 3 4 2 3 3 4 7 11 11 3 9 0 2 7 1 3 2 3 0 8 0 8 0 1 0 1 1 2 6 7 7 11 2 3 1 5 6 9 2 3 3 11 5 1 12 1 1 7 2 2 2 8 7 6 1 0 2 39 
2 14 7 2 7 0 3 2 7 6 13 13 5 12 0 0 7 1 2 1 2 2 15 0 24 2 1 0 2 0 0 9 10 14 13 0 7 1 0 14 10 1 2 5 13 4 1 15 1 2 7 1 2 5 3 10 7 2 1 1 38 
5 7 10 9 3 4 1 5 11 0 3 3 0 2 2 4 0 5 0 3 3 7 6 2 6 5 10 5 5 6 11 6 11 5 2 3 10 6 7 5 7 3 9 0 3 2 7 15 8 10 11 0 1 4 3 5 10 5 4 3 13 
6 13 8 2 9 3 3 2 8 7 11 10 7 13 0 2 7 0 2 1 1 6 16 1 24 5 1 0 6 0 0 10 11 15 10 1 8 1 11 15 8 1 2 7 11 4 0 16 7 5 6 1 3 5 14 11 6 6 1 1 37 
3 15 19 2 13 1 0 2 17 10 5 4 11 4 0 2 10 1 0 1 2 3 16 1 16 2 2 3 3 1 2 9 10 16 5 2 19 3 9 16 10 1 2 11 5 2 4 15 5 2 9 1 3 4 21 25 8 3 3 1 35 
1 15 18 1 17 1 2 2 17 9 4 4 4 3 1 1 9 0 2 0 1 1 10 1 10 1 1 2 1 1 1 7 10 9 4 1 18 1 8 10 9 0 2 4 4 4 2 15 3 0 8 1 2 3 11 19 8 1 2 2 37 
3 15 8 1 9 1 3 1 8 9 10 9 7 13 0 0 9 1 2 0 0 4 16 1 24 3 3 1 3 1 1 10 11 15 9 0 8 4 8 15 7 0 1 3 10 4 1 16 5 3 8 1 2 5 10 11 8 3 3 1 37 
1 15 6 2 5 0 3 2 5 5 12 12 3 9 1 1 5 2 2 1 3 0 12 0 21 0 0 1 0 0 2 7 8 12 12 2 5 1 4 12 10 1 2 4 12 4 1 13 0 0 8 1 2 3 6 7 8 1 2 1 38 
5 12 8 12 9 7 5 9 9 5 6 6 4 6 9 15 5 24 4 10 22 13 0 10 0 7 15 13 16 10 17 12 17 0 6 9 8 12 10 3 11 11 12 4 6 2 13 22 15 16 15 5 3 10 6 11 14 5 8 7 19 
0 13 5 2 5 1 3 2 5 7 11 10 3 9 0 2 8 1 2 1 2 0 8 0 8 0 0 0 0 1 1 6 8 8 10 2 4 1 6 7 8 1 2 2 11 4 1 12 2 0 7 1 2 2 9 7 6 0 1 1 38 
8 11 9 12 8 6 4 8 10 5 5 5 3 4 9 7 5 17 4 10 15 6 3 9 0 6 8 12 8 9 10 14 9 2 6 1 9 5 9 2 10 10 12 4 5 2 13 14 8 9 14 3 2 2 5 10 13 6 7 6 21 
1 15 6 2 7 0 3 2 5 6 13 13 5 11 1 1 5 1 2 1 3 0 14 1 23 0 0 1 0 0 4 8 9 13 12 3 5 1 3 13 11 1 2 5 13 4 2 14 0 0 8 2 2 4 6 9 8 1 2 1 38 
1 9 7 3 3 0 5 4 6 3 4 3 3 6 6 0 2 2 4 0 8 1 10 6 19 1 0 8 2 1 1 4 3 9 3 3 7 4 11 9 3 6 4 2 4 6 7 6 4 3 7 3 2 5 3 7 6 1 5 5 18 
1 15 17 2 16 1 3 2 16 9 3 3 3 3 1 1 9 0 2 0 1 2 9 1 10 1 1 0 1 0 0 1 12 9 3 1 18 2 8 9 9 0 2 4 3 4 3 17 3 0 8 2 2 3 10 19 7 1 2 1 38 
1 15 5 1 7 1 3 2 5 6 14 13 5 11 2 0 6 1 2 1 3 1 14 1 22 0 4 2 0 1 0 8 9 13 13 0 4 2 4 13 11 0 2 5 14 4 2 14 1 0 8 1 2 3 6 9 8 1 3 2 38 
2 15 8 1 8 1 2 2 7 5 10 10 4 12 1 1 5 1 1 1 3 3 7 1 24 2 3 1 2 0 0 9 10 7 10 0 7 4 5 6 8 0 1 4 10 3 2 15 4 1 8 1 2 5 8 10 8 2 2 1 38 
1 16 9 1 8 1 2 1 8 8 9 9 6 12 2 1 8 2 1 0 3 1 15 1 24 1 3 2 3 1 0 10 11 15 9 0 8 4 2 15 7 0 1 7 9 3 2 8 2 3 9 1 2 6 8 10 9 2 3 2 37 
5 5 0 6 1 6 3 2 1 2 4 2 4 5 9 4 3 13 8 9 11 3 7 10 7 3 6 11 6 13 7 0 6 7 2 4 0 7 3 6 2 9 6 4 4 2 10 11 4 6 8 9 3 4 6 1 8 5 1 9 19 
1 2 1 1 5 0 1 1 0 6 8 8 7 3 3 2 6 7 2 1 4 3 4 2 12 3 1 2 0 6 1 4 0 3 8 4 2 5 15 3 5 1 1 7 8 0 3 3 1 1 11 2 2 6 7 2 11 1 5 3 23 
5 11 8 13 8 7 4 8 8 6 6 6 5 5 10 14 6 24 5 11 22 13 1 9 0 7 16 13 16 9 17 12 16 0 7 9 8 12 10 3 11 10 13 5 6 2 14 21 15 16 14 5 3 10 7 11 14 5 8 7 19 
9 7 10 9 2 8 2 5 10 2 1 0 1 1 4 8 2 3 5 4 4 8 8 5 8 8 1 3 9 3 6 5 0 8 0 12 10 5 3 7 1 4 9 2 1 2 5 4 10 9 11 5 1 6 3 5 11 9 5 6 16 
0 15 3 1 3 1 3 1 2 2 15 15 2 7 1 1 2 1 2 0 3 1 10 1 18 1 2 2 3 1 0 5 5 9 14 0 2 2 1 9 12 0 1 2 15 4 2 10 0 3 8 0 2 1 14 5 8 2 3 1 37 
2 13 0 1 8 4 2 1 0 17 14 13 15 14 8 3 17 13 2 3 10 3 12 8 12 4 6 5 4 3 6 21 5 13 13 7 0 15 2 12 12 2 0 15 14 3 9 3 2 3 11 2 0 16 13 10 11 2 15 8 31 
2 3 2 5 5 1 5 4 3 6 5 8 7 3 3 1 6 2 4 3 4 1 4 2 13 2 3 2 2 1 2 4 6 4 8 3 2 0 13 3 8 3 4 7 5 6 3 9 1 3 8 4 6 2 4 6 7 2 5 2 23 
8 2 10 3 8 7 3 3 9 6 5 5 5 6 0 7 6 8 3 1 2 8 3 1 2 8 7 3 9 3 7 11 6 2 4 7 10 7 0 3 3 1 3 5 5 5 3 3 6 8 9 2 1 8 2 11 9 8 3 2 21 
7 13 7 14 10 8 6 10 8 7 8 8 5 7 11 16 7 25 5 12 23 15 5 11 6 8 17 14 17 11 19 13 18 5 8 10 7 13 11 0 12 12 14 6 8 4 15 23 16 18 16 6 4 12 8 12 16 7 10 8 16 
9 7 8 9 1 8 2 5 9 2 0 0 1 0 5 7 2 2 5 3 3 7 7 4 8 7 1 3 8 2 5 3 0 7 1 11 8 2 2 7 0 3 9 2 0 2 4 5 8 7 11 4 1 4 2 4 10 9 4 5 16 
1 15 17 1 17 1 3 1 17 9 3 4 4 3 1 1 9 0 1 0 1 2 10 1 10 1 1 2 1 1 1 1 12 9 4 1 18 2 8 10 9 0 1 4 3 4 3 17 3 0 9 1 1 3 11 19 8 1 3 1 37 
4 16 20 0 15 1 1 0 19 11 21 21 11 3 1 1 10 1 1 2 1 4 17 1 17 3 3 4 4 2 1 17 11 17 21 1 20 5 10 16 26 2 0 11 21 1 5 16 5 3 11 1 1 6 22 32 10 4 3 3 36 
5 7 10 8 2 6 0 4 11 1 0 1 0 2 8 6 1 5 0 9 9 5 5 7 5 6 3 11 5 7 9 5 1 4 1 3 10 6 8 5 6 9 8 0 0 2 12 4 8 8 10 0 2 3 5 11 10 5 4 2 16 
10 6 10 8 1 9 2 4 10 3 0 0 1 2 5 9 3 3 6 5 4 8 8 5 7 9 2 3 10 4 7 4 0 6 0 12 10 3 3 7 1 4 8 1 0 2 5 3 10 9 11 5 2 4 2 3 10 10 4 6 17 
6 11 22 11 10 4 0 9 21 6 17 17 7 16 4 2 6 4 2 4 4 7 13 4 13 6 6 7 7 4 4 12 14 12 17 2 23 13 12 12 21 4 2 7 17 0 7 18 8 6 10 2 0 10 18 27 10 6 0 5 36 
3 16 8 1 9 1 3 2 8 10 10 10 4 12 0 1 10 1 2 1 2 3 11 0 10 3 3 2 3 1 1 10 11 10 10 1 8 4 9 10 8 0 2 4 10 4 0 15 5 2 9 2 0 5 11 10 8 3 3 1 37 
3 8 6 6 2 4 6 6 5 3 4 4 3 4 8 3 2 12 7 5 10 1 9 8 18 2 1 7 4 12 3 4 1 8 4 1 7 6 12 8 2 5 6 3 5 4 9 0 3 4 16 8 6 5 3 6 16 2 4 8 19 
1 16 4 2 3 1 3 2 4 4 17 17 5 7 2 3 4 2 2 1 5 1 9 3 18 2 4 3 2 2 1 4 5 9 16 3 3 3 7 8 15 1 2 5 17 4 4 9 0 1 10 1 0 4 7 4 9 1 4 2 38 
1 13 6 2 6 1 3 2 5 5 14 13 4 10 0 1 4 2 2 1 2 0 13 0 21 0 7 0 2 1 3 8 8 12 13 3 5 5 2 12 11 1 2 4 14 5 1 13 1 0 7 2 2 3 13 8 6 2 1 1 38 
4 17 20 0 15 2 1 0 19 11 22 22 12 7 2 1 11 2 2 2 2 5 18 1 18 4 4 4 5 2 1 18 12 17 22 2 20 5 11 17 26 2 0 12 22 2 6 16 6 3 0 1 2 6 23 32 1 4 4 5 38 
4 17 20 3 15 2 1 3 19 11 6 6 12 3 1 0 11 2 0 2 2 5 18 1 18 4 4 4 4 2 1 10 11 17 6 0 20 5 11 17 12 2 3 12 6 1 6 16 6 3 10 0 3 6 22 22 9 4 4 2 34 
3 13 18 13 10 1 0 9 18 7 17 17 7 16 0 2 6 1 2 1 1 3 13 0 13 2 2 3 3 1 1 13 10 13 17 2 19 14 9 12 22 1 13 7 17 0 4 15 5 2 11 1 0 11 18 28 10 3 0 1 36 
4 8 4 7 2 6 5 6 2 2 2 4 3 5 9 4 2 13 8 9 11 2 9 9 18 2 2 11 5 12 7 2 5 8 4 2 4 3 9 8 4 9 7 3 2 3 10 9 4 5 18 9 2 0 3 2 18 4 4 9 19 
8 4 8 6 11 6 3 2 9 3 3 3 2 2 2 7 3 8 3 4 3 8 4 3 4 8 0 6 8 3 5 4 2 3 3 10 8 5 3 3 8 4 6 2 3 2 7 7 5 8 8 2 2 3 0 14 7 8 2 1 18 
3 2 12 3 2 5 5 2 13 4 1 1 5 6 8 3 5 13 5 3 10 3 4 8 3 3 6 5 4 12 6 1 5 3 1 4 12 6 2 3 3 2 3 5 1 5 9 3 3 4 5 5 4 7 1 0 5 3 3 8 21 
5 19 21 2 16 3 2 1 21 13 23 23 14 8 3 2 12 3 2 3 4 6 19 3 19 6 5 6 6 3 3 20 13 19 23 3 22 6 12 18 28 3 2 13 23 3 7 17 7 5 1 2 2 8 24 34 0 5 5 6 38 
0 16 5 0 6 1 2 0 5 4 13 13 3 10 2 2 3 0 1 0 4 0 8 3 21 0 7 3 0 2 1 8 8 7 12 3 5 5 6 7 10 0 0 3 13 3 3 13 1 0 10 0 2 3 8 8 9 0 4 2 36 
1 12 11 4 11 1 2 0 3 7 18 18 8 16 1 2 6 1 2 1 2 1 13 1 13 0 15 1 1 1 2 13 16 13 17 2 12 14 7 12 22 1 4 8 17 3 2 21 3 1 6 2 3 11 19 28 6 1 0 1 18 
4 21 9 4 9 1 4 4 9 15 10 10 17 13 1 1 15 2 4 1 1 4 22 1 22 4 4 3 4 1 1 11 12 21 9 1 8 5 9 21 8 1 5 17 10 1 2 16 5 3 20 5 1 7 27 11 19 4 9 0 33 
35 18 27 36 15 37 37 36 28 16 17 17 11 19 36 38 16 36 37 36 37 36 23 36 23 35 13 35 35 37 37 15 12 23 17 37 27 14 16 19 15 36 36 10 17 34 35 17 35 36 29 37 34 15 16 13 30 35 11 36 0 
# indicator whether saturdays count as workdays (stored as 1 or 0 for "TRUE" or "FALSE", resp.) [SCIP_Bool workOnSaturdays]
0
# start date of planning period (stored as 4 integers: day, month, year, weekday) [date* startDate]
9 11 2020 0
# end date of planning period (stored as 4 integers: day, month, year, weekday) [date* endDate]
27 11 2020 4
# maximal number of delay events considered (in robust optimization) [int maxDelayEvents]
10
# number of workdays in planning period [int nDays]
5
# day properties (stored as 6 integers: index, shift_start, shift_end, break_start, break_end, break_length) [dayProperty* days]
0 21600 79200 39600 54000 1800
1 21600 79200 39600 54000 1800
2 21600 79200 39600 54000 1800
3 21600 79200 39600 54000 1800
4 21600 79200 39600 54000 1800
# day sizes (day, number of available customers on that day) [int* day_sizes]
0 25
1 23
2 23
3 25
4 24
# list of neighbor nodes of customers for each day in planning period [neighbor*** neighbors]
0 0 42 39 35 16 29 8 33 60 
0 3 23 56 47 7 16 2 4 55 25 37 60 
1 3 45 3 13 20 21 18 24 50 38 54 51 22 56 23 16 7 34 47 4 55 2 0 25 37 60 
1 4 28 49 52 26 40 36 17 48 6 59 13 4 14 46 57 37 60 
2 0 34 46 45 56 11 55 12 10 41 9 7 5 54 27 48 23 42 39 35 16 8 0 29 33 60 
2 3 23 56 47 16 7 0 55 4 25 37 60 
3 2 58 14 30 21 44 31 52 53 42 5 49 8 39 10 32 57 11 6 19 27 15 26 60 
3 3 45 1 20 21 13 18 50 38 24 51 56 23 54 22 7 16 34 47 0 2 4 55 25 37 60 
4 3 23 56 16 47 7 55 2 0 37 25 60 
4 4 40 36 48 13 59 37 57 14 46 60 
5 0 11 55 10 27 54 48 23 42 39 35 16 0 29 8 33 60 
5 2 44 31 58 53 49 8 42 10 39 32 57 11 15 19 27 26 6 60 
6 2 32 57 11 19 27 15 26 60 
6 4 52 1 17 48 36 40 59 13 14 46 57 4 37 60 
7 0 56 12 2 55 11 41 9 10 27 5 54 42 23 48 39 16 35 29 0 8 33 60 
7 3 38 56 23 54 22 16 34 47 0 2 4 55 25 37 60 
8 0 42 39 35 16 0 29 33 60 
8 2 44 31 58 53 10 49 5 42 39 32 11 57 26 15 19 27 6 60 
9 0 56 12 55 11 2 10 7 41 54 27 5 39 42 48 23 16 35 33 8 0 29 60 
9 1 43 22 24 44 40 18 38 15 12 36 19 29 60 
10 0 56 11 55 2 12 9 41 7 54 5 27 48 39 23 42 16 35 8 0 29 33 60 
10 2 44 31 58 53 8 49 5 39 42 32 11 57 26 15 19 27 6 60 
11 0 34 46 45 56 55 2 12 10 9 41 7 54 5 27 48 39 23 42 16 35 8 0 29 33 60 
11 2 10 32 57 26 15 19 27 6 60 
12 0 34 45 56 46 55 11 2 9 10 7 41 54 5 27 39 42 48 23 16 35 33 8 0 29 60 
12 1 9 24 40 18 38 36 19 29 60 
13 3 21 20 38 24 18 50 54 23 22 51 56 47 34 16 7 2 55 4 0 37 25 60 
13 4 52 40 36 48 17 1 59 6 4 37 57 14 46 60 
14 2 3 30 21 58 44 31 52 53 5 49 42 8 10 39 32 57 11 19 27 15 6 26 60 
14 4 48 36 40 59 13 46 57 4 37 60 
15 1 43 22 40 44 18 9 24 38 29 19 36 12 60 
15 2 32 57 11 19 27 26 6 60 
16 0 54 39 42 48 35 33 8 0 29 60 
16 3 38 54 22 56 23 7 34 47 4 55 2 0 37 25 60 
17 1 35 47 41 51 59 32 31 28 53 43 22 18 40 44 9 24 15 38 29 19 36 12 60 
17 4 28 49 26 52 48 36 40 1 59 13 6 57 14 46 4 37 60 
18 1 43 22 9 40 44 24 38 15 19 29 12 36 60 
18 3 20 21 13 50 38 24 51 56 23 54 22 7 16 34 47 0 2 4 55 25 37 60 
19 1 18 40 9 24 38 29 36 12 60 
19 2 32 57 11 27 6 15 26 60 
20 3 21 13 18 38 50 24 23 51 56 54 22 7 47 34 16 0 2 4 55 25 37 60 
20 4 33 50 30 28 49 58 25 52 26 43 17 48 36 40 1 59 6 13 14 46 57 4 37 60 
21 2 3 30 14 44 31 58 53 52 49 5 8 10 42 39 32 57 11 15 19 26 27 6 60 
21 3 20 13 38 18 50 24 23 51 54 56 22 47 34 7 16 0 2 4 55 25 37 60 
22 1 41 59 53 43 24 9 44 40 18 38 15 12 36 19 29 60 
22 3 24 38 50 54 51 56 23 16 34 7 47 4 55 2 0 37 25 60 
23 0 27 5 54 42 48 39 35 16 29 0 8 33 60 
23 3 38 50 24 51 56 54 22 7 47 34 16 0 2 4 55 25 37 60 
24 1 22 43 9 44 40 18 38 15 12 36 19 29 60 
24 3 13 21 20 38 18 50 22 54 51 56 23 16 34 7 47 4 55 2 0 37 25 60 
25 3 0 55 37 60 
25 4 50 28 49 30 26 52 43 48 17 36 40 1 13 59 6 57 14 46 4 37 60 
26 2 32 11 57 15 19 27 6 60 
26 4 50 30 49 28 25 43 52 40 36 48 17 1 13 59 6 37 4 57 14 46 60 
27 0 11 55 10 5 54 23 42 48 39 35 16 29 0 8 33 60 
27 2 32 57 11 19 6 15 26 60 
28 1 41 59 53 43 22 40 44 18 9 24 15 38 29 36 19 12 60 
28 4 33 50 49 30 58 25 26 52 43 48 17 36 40 1 13 59 6 57 14 46 4 37 60 
29 0 42 39 35 16 0 8 33 60 
29 1 18 40 9 24 38 19 36 12 60 
30 2 3 21 14 44 31 58 53 52 5 49 8 10 42 39 32 57 11 15 19 26 27 6 60 
30 4 33 50 28 49 58 25 26 52 43 17 48 36 40 1 13 59 6 57 14 46 4 37 60 
31 1 47 17 32 41 59 51 53 28 43 22 40 44 9 24 18 15 38 36 12 29 19 60 
31 2 3 44 30 21 14 58 53 52 10 8 49 5 39 42 32 11 57 26 15 19 27 6 60 
32 1 47 17 31 41 59 51 53 28 43 22 40 44 9 24 18 15 38 36 29 12 19 60 
32 2 8 10 39 42 11 57 26 15 19 27 6 60 
33 0 39 42 16 35 8 0 29 60 
33 4 20 50 58 49 30 28 43 52 26 25 1 40 36 48 17 13 6 59 4 37 57 14 46 60 
34 0 46 45 56 11 55 2 12 10 9 41 7 54 5 27 48 39 23 42 16 35 8 0 29 33 60 
34 3 38 54 22 23 56 47 16 7 55 4 2 0 37 25 60 
35 0 54 48 42 39 16 0 29 8 33 60 
35 1 17 47 41 32 51 59 31 28 53 43 22 40 44 18 9 24 15 38 29 19 36 12 60 
36 1 40 9 18 24 38 29 19 12 60 
36 4 28 49 26 52 40 48 17 1 13 59 6 57 4 37 14 46 60 
37 3 55 0 25 60 
37 4 40 36 48 13 59 4 57 14 46 60 
38 1 43 22 40 44 18 9 24 15 19 29 36 12 60 
38 3 21 13 20 18 24 50 54 23 51 22 56 34 16 7 47 0 2 55 4 25 37 60 
39 0 54 5 27 42 48 23 16 35 33 8 0 29 60 
39 2 44 58 31 53 10 8 42 49 5 32 11 57 6 26 19 27 15 60 
40 1 43 22 44 9 24 18 38 15 36 12 29 19 60 
40 4 49 28 26 52 36 48 17 1 13 6 59 4 37 57 14 46 60 
41 0 56 2 11 12 55 7 10 9 27 5 54 23 42 48 39 35 16 29 0 8 33 60 
41 1 17 47 51 59 32 31 28 53 43 22 18 40 44 9 24 38 15 19 29 36 12 60 
42 0 27 5 54 23 48 39 16 35 29 0 8 33 60 
42 2 58 44 31 53 5 49 8 39 10 32 57 11 6 19 27 15 26 60 
43 1 41 59 53 22 9 24 44 40 18 38 15 12 36 19 29 60 
43 4 50 28 49 30 52 26 25 40 1 36 48 17 13 6 59 4 37 57 14 46 60 
44 1 43 22 40 9 24 18 38 15 36 12 29 19 60 
44 2 3 31 30 21 14 58 53 52 10 8 49 5 39 42 32 11 57 26 15 19 27 6 60 
45 0 56 46 34 12 2 55 11 7 41 9 10 27 5 54 42 23 48 39 16 35 29 0 33 8 60 
45 3 3 1 20 21 13 18 50 38 24 51 56 23 54 22 7 16 34 47 0 4 2 55 25 37 60 
46 0 45 56 34 2 11 55 12 41 7 10 9 27 5 54 23 48 42 39 35 16 29 0 8 33 60 
46 4 48 36 40 59 13 14 57 4 37 60 
47 1 35 17 32 31 41 59 51 53 28 43 22 40 44 9 24 18 15 38 36 29 12 19 60 
47 3 38 54 23 22 56 34 16 7 2 4 55 0 37 25 60 
48 0 5 27 54 23 42 39 35 16 0 29 8 33 60 
48 4 28 49 26 52 17 36 40 1 13 59 6 57 14 46 4 37 60 
49 2 44 31 58 53 5 8 10 42 39 32 57 11 15 19 26 27 6 60 
49 4 33 50 28 30 58 25 26 52 43 48 17 36 40 1 13 59 6 57 14 46 4 37 60 
50 3 20 21 13 18 38 24 56 51 23 54 22 7 16 34 47 0 2 4 55 25 37 60 
50 4 20 33 58 30 28 49 52 43 25 26 1 17 48 36 40 6 59 13 14 46 57 4 37 60 
51 1 17 47 41 59 32 31 28 53 43 22 18 9 40 44 24 38 15 19 29 12 36 60 
51 3 50 38 24 56 23 54 22 7 16 34 47 0 2 4 55 25 37 60 
52 2 3 58 30 44 31 53 42 5 49 39 8 10 32 57 11 6 19 27 15 26 60 
52 4 50 30 28 49 43 25 26 1 17 48 40 36 6 59 13 14 46 57 4 37 60 
53 1 41 59 28 43 22 40 44 9 24 18 15 38 36 12 29 19 60 
53 2 3 31 44 30 58 52 10 8 49 5 39 42 32 11 57 26 15 19 27 6 60 
54 0 55 11 10 5 27 39 42 48 23 16 35 8 33 0 29 60 
54 3 38 24 50 22 51 23 56 16 34 47 7 55 4 2 0 37 25 60 
55 0 34 45 46 56 11 12 2 10 9 41 7 54 5 27 39 48 23 42 16 35 8 0 33 29 60 
55 3 23 56 47 16 7 4 2 0 37 25 60 
56 0 45 46 34 12 2 55 11 7 41 9 10 27 5 54 42 23 48 39 16 35 29 0 8 33 60 
56 3 50 38 24 51 23 54 22 7 16 34 47 0 2 4 55 25 37 60 
57 2 10 32 11 15 19 27 26 6 60 
57 4 48 36 40 13 59 14 46 4 37 60 
58 2 3 14 30 44 21 31 52 53 42 39 5 10 49 8 32 57 11 6 19 27 15 26 60 
58 4 33 50 30 28 49 52 43 25 26 1 17 40 48 36 6 59 13 14 4 46 57 37 60 
59 1 17 47 41 51 32 31 28 53 43 22 18 9 40 44 24 15 38 19 29 36 12 60 
59 4 52 17 48 1 36 40 6 13 14 46 57 4 37 60 
60 0 45 56 34 46 12 55 11 2 9 7 41 10 54 27 5 39 42 23 48 16 35 33 8 29 0 
60 1 47 17 35 51 41 59 31 32 53 28 22 43 24 9 18 44 40 38 15 12 19 36 29 
60 2 3 58 44 31 14 30 21 52 53 39 42 10 8 5 49 32 11 57 6 19 27 26 15 
60 3 45 1 3 13 20 21 24 50 18 38 22 56 54 51 23 16 7 34 47 4 55 2 0 37 25 
60 4 33 20 50 58 30 28 49 43 52 26 25 1 40 36 17 48 6 59 13 4 14 46 57 37 
