# number of customers + 1 (depot stored as last "customer") [int nC]
61
# customer IDs (depot gets ID -1) [int* customerIDs]
114300140 114358156 114303646 114359200 114343146 114362702 114305529 114313265 114323482 114313549 114308142 114310267 114351745 114355464 114336034 114317399 114353086 114311711 114328717 114317252 114324712 114335664 114325148 114363490 114309092 114324717 114348452 114317972 114334849 114355152 114310230 114343250 114325075 114354635 114302489 114342520 114314053 114340928 114329256 114305096 114304658 114347329 114315444 114302200 114313019 114301531 114338732 114347337 114303222 114353783 114342710 114333325 114304061 114345040 114351570 114338080 114302897 114318392 114349936 114348097 -1 
# time window lists for each real customer (number of elements followed by elements' contents (day,start_t,end_t,weight)) [modelWindow** timeWindows]
3 4 46800 57600 0.80 3 39600 50400 0.92 2 32400 39600 0.79 
3 4 39600 43200 0.44 1 50400 54000 0.78 0 50400 57600 0.72 
3 0 50400 54000 0.58 4 36000 39600 0.46 3 39600 50400 0.44 
3 4 36000 39600 0.55 1 50400 57600 0.53 3 54000 61200 0.52 
3 2 50400 54000 0.51 1 50400 57600 0.96 0 36000 43200 0.44 
3 4 39600 50400 0.40 1 46800 57600 0.44 2 54000 61200 0.48 
3 3 50400 54000 0.56 0 54000 57600 0.90 1 32400 39600 0.86 
3 2 36000 46800 0.64 4 54000 57600 0.47 0 54000 61200 0.51 
3 1 50400 61200 0.43 3 43200 46800 0.98 0 54000 57600 0.94 
3 2 36000 43200 0.42 3 50400 54000 0.47 4 46800 57600 0.55 
3 1 54000 61200 0.68 2 39600 43200 0.59 3 43200 50400 0.57 
3 2 50400 54000 0.44 1 46800 50400 0.56 3 36000 43200 0.94 
3 2 46800 50400 0.51 4 54000 61200 0.40 0 39600 50400 0.77 
3 3 43200 46800 0.94 2 39600 50400 0.56 1 46800 57600 0.80 
3 2 43200 46800 0.48 0 50400 54000 0.86 4 46800 57600 0.62 
3 0 54000 57600 0.60 3 39600 43200 0.58 1 43200 46800 0.93 
3 0 54000 57600 0.50 4 46800 57600 0.55 2 39600 50400 0.87 
3 4 50400 54000 0.89 0 46800 57600 0.97 2 32400 36000 0.51 
3 2 32400 43200 0.74 0 43200 50400 0.88 3 46800 57600 0.75 
3 4 39600 46800 0.84 1 43200 46800 0.94 0 43200 54000 0.78 
3 2 50400 61200 0.75 1 50400 61200 0.74 4 50400 57600 0.90 
3 3 54000 61200 0.69 4 46800 54000 0.48 1 36000 39600 0.44 
3 1 32400 39600 0.41 3 39600 50400 0.95 0 39600 50400 0.77 
3 0 54000 57600 0.84 1 39600 50400 0.77 3 46800 57600 0.52 
3 3 43200 50400 0.62 1 39600 50400 0.57 4 43200 54000 0.64 
3 4 39600 43200 0.66 1 32400 39600 0.50 3 50400 54000 0.47 
3 3 39600 50400 0.61 0 32400 39600 0.77 2 36000 46800 0.76 
3 2 46800 57600 0.61 3 54000 57600 0.69 1 54000 57600 0.60 
3 2 46800 54000 0.81 3 36000 46800 0.86 4 36000 43200 0.71 
3 1 46800 54000 0.42 3 32400 36000 0.73 2 39600 46800 0.53 
3 0 50400 61200 0.77 2 36000 39600 0.50 3 43200 50400 0.40 
3 2 43200 54000 0.84 0 39600 46800 0.46 4 39600 43200 0.75 
3 1 50400 61200 0.97 2 46800 50400 0.56 0 43200 54000 0.53 
3 4 54000 57600 0.81 0 43200 54000 0.98 2 43200 46800 0.55 
3 1 50400 57600 0.46 3 50400 57600 0.74 0 54000 61200 0.72 
3 4 36000 39600 0.92 0 46800 50400 0.53 2 39600 46800 0.76 
3 0 46800 54000 0.48 3 43200 54000 0.61 2 43200 50400 0.52 
3 1 32400 43200 0.51 4 43200 46800 0.76 3 36000 46800 0.93 
3 0 50400 61200 0.81 3 39600 43200 0.40 1 54000 57600 0.96 
3 0 46800 57600 0.86 4 43200 46800 0.43 1 39600 43200 0.91 
3 2 43200 54000 0.45 0 54000 61200 0.96 3 36000 43200 0.61 
3 1 54000 57600 0.46 0 32400 36000 0.60 2 36000 43200 0.99 
3 2 36000 39600 0.47 4 54000 57600 0.52 0 54000 57600 0.65 
3 4 54000 57600 0.41 0 39600 50400 0.88 1 54000 61200 0.50 
3 0 46800 57600 0.74 1 32400 36000 0.95 2 39600 43200 0.93 
3 2 39600 43200 0.57 3 50400 61200 0.40 4 46800 50400 0.46 
3 1 43200 54000 0.74 0 36000 39600 0.57 4 54000 57600 0.79 
3 0 39600 50400 0.78 4 54000 61200 0.76 1 43200 46800 0.43 
3 1 46800 50400 0.45 4 50400 54000 0.65 2 54000 57600 0.96 
3 0 46800 50400 0.67 1 32400 36000 0.77 3 46800 50400 0.54 
3 4 43200 50400 0.67 1 43200 50400 0.63 2 43200 54000 0.40 
3 4 39600 46800 0.69 0 32400 36000 0.68 1 46800 57600 0.46 
3 4 32400 36000 0.47 0 54000 57600 0.75 1 36000 43200 0.51 
3 2 39600 43200 0.55 4 39600 50400 0.97 0 50400 61200 0.49 
3 2 36000 39600 0.53 3 50400 54000 0.46 0 46800 57600 0.46 
3 4 39600 50400 0.50 1 54000 57600 0.86 0 43200 46800 0.87 
3 3 36000 39600 0.87 0 50400 54000 0.80 4 54000 57600 0.85 
3 2 36000 39600 0.47 4 32400 36000 0.76 3 54000 61200 0.94 
3 3 36000 39600 0.83 2 43200 50400 0.48 1 54000 57600 0.89 
3 4 32400 43200 0.71 3 43200 50400 0.97 2 54000 61200 0.99 
# objective function coefficients [SCIP_Real* obj]
554.210333 186.698000 145.358000 508.111333 1094.956000 557.720333 1098.753333 1064.753333 564.387333 1032.288333 1036.813000 566.430333 1080.237333 572.059000 433.898667 1045.465333 183.706667 545.902000 545.884333 361.542667 1058.404000 1080.446000 1036.054000 507.352000 564.752000 289.313333 1070.393333 283.395000 219.258000 234.383143 580.873000 520.214000 258.202667 1022.125333 1065.972333 440.713667 1044.072000 1102.834333 221.108000 228.750000 216.173000 1018.808000 572.167000 175.441000 561.361000 569.693000 1041.257000 583.505000 1035.068000 1075.575000 1017.317333 256.475000 1090.745000 555.816333 515.073333 352.881000 179.972476 220.257143 577.774333 232.176333 0.000000 
# shift start time [int shift_start]
21600
# shift end time [int shift_end]
79200
# service times at customers (depot has service time 0.0) [int* t_service]
180 180 240 120 300 60 240 120 180 120 180 120 180 180 120 120 240 120 60 60 120 60 180 120 300 240 180 300 240 180 180 120 180 240 120 180 60 120 300 120 60 180 180 180 300 180 180 120 180 180 180 300 300 120 180 60 120 180 300 240 0 
# max. deviation of service times at customers (depot again 0.0) [int* t_service_maxDev]
120 300 300 420 420 240 360 240 180 420 180 300 540 240 420 360 60 420 420 480 180 540 180 120 360 240 180 120 120 120 300 240 360 240 120 240 420 240 360 300 420 480 360 420 360 180 420 480 420 480 240 300 240 480 180 420 240 300 120 480 0 
# morning/AM travel time matrix between customers (incl. depot as last customer) [int** t_travelAM]
0 932 695 1186 532 874 606 36 352 112 595 206 684 515 429 510 906 326 506 403 488 413 701 776 616 488 757 135 135 883 234 484 667 616 495 408 143 625 239 482 923 583 387 505 112 444 485 554 693 744 425 332 933 589 546 503 594 439 831 682 1902 
877 0 345 254 514 681 775 845 659 833 841 979 393 364 435 960 218 1004 562 840 452 477 812 633 831 452 284 762 709 195 1006 531 778 288 380 517 823 477 780 1009 58 537 838 371 844 505 393 527 329 260 515 601 127 711 532 660 537 828 222 340 1609 
701 352 0 607 405 655 521 669 483 657 587 735 199 255 326 852 285 681 239 731 344 368 558 606 578 344 135 586 533 303 742 422 525 179 271 408 647 450 552 901 343 231 729 262 668 329 284 221 13 115 406 389 353 602 226 551 214 505 210 17 1955 
912 51 379 0 548 701 809 880 693 868 875 1013 436 398 469 995 270 1038 597 874 487 512 846 667 866 487 327 796 744 247 1040 565 813 323 415 551 858 511 814 1044 110 580 872 405 878 540 427 570 363 295 549 636 179 745 575 694 572 863 264 375 1582 
621 594 491 849 0 454 748 589 403 565 738 710 601 159 297 657 588 748 465 536 315 296 844 357 759 315 535 506 453 545 737 148 810 278 139 236 567 205 517 706 585 542 534 149 575 323 129 513 475 407 233 339 595 312 504 261 523 582 565 486 1834 
859 615 676 869 448 0 986 826 640 815 975 960 786 396 497 920 773 986 702 799 515 533 1082 324 996 515 720 743 691 730 987 490 1047 469 376 476 804 318 755 969 666 757 797 386 825 561 367 741 660 591 474 576 735 608 742 603 723 820 749 671 1617 
532 830 573 1084 671 995 0 511 580 587 66 481 518 637 529 771 724 427 370 855 572 513 95 898 56 572 575 499 533 815 488 699 62 700 617 657 618 746 483 684 799 438 840 626 587 515 607 418 570 673 683 425 809 879 410 828 471 322 649 559 2104 
32 964 728 1218 564 906 618 0 384 76 608 197 717 547 462 476 939 308 539 370 520 445 714 809 629 520 789 167 167 915 224 516 680 648 527 440 106 657 271 472 955 616 354 537 76 476 518 587 725 776 457 364 965 556 578 470 626 452 863 714 1893 
343 678 510 932 326 650 594 311 0 299 583 444 509 292 175 592 672 463 331 485 234 158 690 553 604 234 571 220 166 629 471 354 655 362 272 312 289 402 261 641 669 408 469 281 309 190 262 379 508 490 338 187 679 534 371 483 401 428 646 497 2030 
74 991 770 1245 561 903 650 62 427 0 639 145 759 544 504 448 981 339 581 342 563 487 746 806 660 563 832 209 210 942 172 507 711 675 524 437 154 654 303 421 982 658 326 534 10 519 515 629 768 803 447 407 992 528 621 442 669 484 906 757 1841 
536 920 663 1174 761 1085 90 515 670 592 0 486 608 727 619 775 814 432 460 860 662 603 186 988 105 662 665 504 566 905 493 789 152 790 707 747 622 837 501 689 889 528 844 716 592 605 697 508 660 763 773 515 899 969 500 918 561 326 739 649 2109 
233 1093 924 1347 663 1005 718 221 586 218 707 0 900 646 663 386 1087 350 722 444 722 646 814 908 728 722 986 368 369 1044 27 609 779 777 626 539 260 756 419 299 1084 799 428 636 229 678 617 770 922 905 549 560 1094 630 761 544 823 552 1060 911 1719 
683 393 158 647 544 797 471 651 465 639 538 693 0 397 330 933 281 639 180 826 368 366 508 749 528 368 140 568 515 378 700 565 475 322 414 530 629 593 524 895 362 144 810 404 650 311 427 134 155 258 549 371 372 744 139 694 197 463 214 144 1982 
538 449 346 703 150 429 666 506 320 494 655 640 456 0 139 596 443 665 382 476 156 181 762 363 676 156 390 423 370 400 667 167 727 133 16 153 484 211 435 645 440 398 474 6 505 209 29 382 329 261 151 256 450 346 387 296 365 500 419 341 1816 
468 502 361 756 299 609 602 436 250 424 591 570 370 195 0 718 496 595 284 611 58 55 664 526 612 58 422 353 300 453 597 316 631 186 175 302 414 374 371 767 493 285 595 185 435 96 178 270 358 314 300 192 503 495 275 445 252 436 472 347 1977 
487 1053 949 1307 607 965 994 475 810 412 983 527 1050 603 720 0 1047 752 873 235 744 703 1090 833 1004 744 994 592 593 1004 539 503 1055 737 583 499 447 717 696 138 1044 950 185 593 423 731 574 920 933 865 444 747 1054 524 912 439 946 828 1023 945 1974 
908 206 345 460 545 794 714 876 690 864 780 1009 324 395 466 991 0 954 505 871 483 508 751 745 771 483 215 793 740 275 1015 562 718 319 411 548 854 589 811 1040 141 469 869 402 875 536 424 459 342 298 546 632 158 742 464 691 488 779 152 335 1815 
200 973 662 1227 637 961 456 179 427 256 445 327 638 603 490 631 873 0 460 524 529 479 552 864 466 529 724 167 230 924 355 621 517 656 583 546 286 713 157 603 948 537 508 592 256 472 573 508 660 762 563 298 958 710 499 624 561 290 798 649 2023 
568 535 235 789 459 783 435 547 380 554 447 522 177 420 245 811 430 468 0 741 283 281 471 686 468 283 280 396 381 520 529 487 438 399 400 445 544 535 344 724 505 77 725 410 565 226 395 47 233 336 471 262 514 667 39 616 155 292 354 222 2144 
329 896 792 1150 449 808 905 317 652 255 894 400 893 446 563 246 890 594 715 0 587 546 1001 676 915 587 837 435 435 847 427 346 967 579 426 342 289 559 539 295 886 792 59 436 265 574 417 763 776 708 286 589 896 367 755 281 789 739 866 788 1750 
447 560 419 815 308 632 574 415 228 403 563 548 429 253 58 696 555 574 291 589 0 24 670 535 584 0 480 331 279 511 576 336 636 244 233 293 393 383 343 745 551 344 574 243 414 149 236 328 417 373 320 165 561 515 330 465 310 408 531 406 2012 
462 536 394 790 323 642 589 430 244 418 579 564 404 229 33 711 530 589 306 604 92 0 685 550 600 92 456 347 294 487 591 349 651 220 209 309 408 398 358 760 526 319 589 218 429 130 211 303 392 348 333 180 536 529 308 478 285 423 506 381 2011 
610 854 575 1108 673 997 182 589 582 665 248 559 542 639 531 849 748 505 372 933 574 515 0 900 203 574 599 550 535 839 566 701 146 702 619 659 696 748 485 762 823 449 918 628 665 517 609 420 572 675 685 427 833 881 412 830 473 330 673 561 2182 
809 708 664 963 398 345 936 776 590 753 925 899 775 346 480 826 762 936 652 705 498 483 1032 0 946 498 709 693 641 719 926 440 997 452 326 426 754 268 705 867 759 729 703 336 764 511 317 700 648 580 424 526 768 482 692 553 706 770 738 660 1724 
556 890 633 1144 731 1056 60 535 640 611 90 505 579 697 590 795 784 451 431 879 632 573 88 958 0 632 635 523 585 875 512 759 51 760 677 717 642 807 520 708 859 498 864 687 611 575 667 479 631 733 744 485 869 939 470 889 532 346 709 620 2128 
447 560 419 815 308 632 574 415 228 403 563 548 429 253 58 696 555 574 291 589 0 24 670 535 584 0 480 331 279 511 576 336 636 244 233 293 393 383 343 745 551 344 574 243 414 149 236 328 417 373 320 165 561 515 330 465 310 408 531 406 2012 
775 255 145 509 455 704 514 743 556 731 580 809 193 305 376 901 149 755 313 781 393 418 551 656 571 393 0 659 607 240 816 472 518 229 321 458 721 500 626 950 224 304 779 311 741 403 334 295 142 208 456 463 234 651 300 601 288 579 74 135 1864 
172 847 574 1102 496 820 491 151 268 227 480 299 563 461 345 589 785 242 385 483 403 328 587 723 501 403 636 0 76 798 326 468 552 531 441 392 223 571 124 575 838 462 467 451 227 359 432 433 572 660 409 211 848 592 425 506 473 325 710 561 1995 
257 797 561 1051 445 769 533 236 217 267 522 384 549 410 294 579 772 327 372 472 353 277 629 672 543 353 622 85 0 748 411 457 594 480 390 381 238 520 189 628 787 449 456 400 278 309 381 419 558 609 398 197 797 581 411 496 459 367 696 547 2080 
721 150 189 405 358 518 619 689 503 677 685 823 299 208 279 804 294 848 406 684 296 321 655 470 675 296 233 606 553 0 850 375 622 132 224 361 667 314 624 853 202 398 682 214 688 349 237 388 172 104 359 445 271 554 393 504 381 672 270 184 1729 
206 1066 902 1320 636 978 698 194 559 191 687 104 880 619 636 467 1060 330 702 416 695 619 794 881 708 695 964 341 342 1017 0 582 759 750 599 512 233 729 399 380 1057 779 401 609 202 651 590 750 900 878 522 539 1067 603 742 517 801 532 1036 889 1800 
506 633 530 887 130 527 755 476 409 431 744 577 640 184 319 518 627 714 471 397 340 302 851 384 765 340 574 472 459 584 604 0 816 317 164 107 454 279 524 567 624 548 395 173 442 330 154 519 514 445 85 345 634 179 511 129 545 589 603 525 1884 
607 840 583 1094 681 1005 75 586 590 663 141 557 529 647 540 846 734 503 380 931 582 523 37 908 57 582 585 558 543 825 564 709 0 710 627 667 693 757 493 759 809 448 915 636 663 525 617 428 580 683 693 435 819 889 420 838 482 338 659 569 2180 
589 316 212 570 225 475 642 557 370 545 708 690 322 75 146 672 310 716 405 551 164 189 679 426 699 164 257 473 421 267 717 242 646 0 92 228 535 270 491 721 306 406 549 82 555 217 104 390 196 128 226 313 316 422 395 371 372 556 286 208 1791 
522 469 366 723 133 449 649 490 303 478 638 623 476 20 159 580 463 649 365 459 176 196 745 352 659 176 410 406 354 420 650 150 711 153 0 136 468 201 418 629 460 418 457 9 488 224 12 402 349 281 134 240 470 330 405 279 385 483 439 361 1829 
494 631 528 885 185 544 731 462 385 419 720 565 625 182 295 531 625 700 447 411 319 278 827 447 741 319 572 458 436 582 592 113 792 315 162 0 440 295 500 580 622 524 408 171 430 306 152 495 512 443 63 321 632 293 487 242 521 565 601 523 1923 
100 973 737 1228 569 911 647 68 394 67 636 212 726 553 471 469 948 376 548 362 530 454 743 814 657 530 799 176 176 924 240 522 708 657 533 446 0 662 280 488 964 625 347 542 78 486 523 596 735 786 463 374 974 548 588 463 636 481 873 724 1908 
724 738 634 992 346 440 884 713 538 650 873 795 745 295 434 722 732 884 600 602 451 431 980 249 894 451 679 641 589 689 822 388 945 422 275 374 684 0 653 764 729 677 600 284 660 459 265 648 618 550 373 474 738 379 640 495 660 718 708 630 1819 
267 865 548 1119 534 858 366 246 324 323 356 395 524 500 387 692 759 344 346 586 425 376 462 761 377 425 610 117 179 820 422 562 428 553 480 495 326 609 0 641 834 423 570 489 323 369 470 394 546 649 512 195 844 695 386 609 447 200 684 535 2062 
491 1088 985 1342 642 1001 890 479 844 447 879 424 1072 639 755 117 1082 683 894 270 779 739 986 869 900 779 1029 626 627 1039 436 539 952 772 619 535 482 752 639 0 1079 971 220 628 458 766 609 942 969 900 479 782 1089 560 934 474 981 724 1058 980 1923 
889 64 356 319 525 693 725 857 670 845 791 990 335 375 446 972 159 965 516 851 464 489 762 644 782 464 226 773 721 207 1017 542 729 300 392 528 835 488 791 1021 0 480 849 382 855 517 404 470 340 272 526 613 68 722 475 671 499 790 163 346 1673 
546 496 179 750 407 731 453 514 328 502 512 587 196 368 192 796 390 532 91 689 231 229 490 634 510 231 241 431 378 467 593 435 457 343 348 393 492 482 397 789 465 0 673 357 513 174 343 95 177 279 419 234 475 615 100 564 78 357 315 166 2105 
360 926 822 1180 480 838 935 348 683 285 925 431 923 476 593 187 920 625 746 50 617 576 1031 706 946 617 867 465 466 877 458 376 997 610 456 372 320 590 569 236 917 823 0 466 296 604 447 793 806 738 317 620 927 397 785 312 819 769 896 818 1800 
532 459 356 713 143 439 659 499 313 487 648 633 466 10 149 589 453 659 375 469 166 191 755 356 669 166 400 416 364 410 660 160 720 143 9 146 477 205 428 638 450 408 467 0 498 219 22 393 340 272 144 249 460 340 398 289 375 493 430 351 1827 
63 980 759 1235 550 892 639 52 416 106 629 134 748 534 493 438 970 329 570 331 552 476 735 795 650 552 821 199 199 931 162 496 701 664 514 427 148 644 292 410 971 647 315 523 0 508 504 618 757 793 436 396 981 517 610 431 658 473 895 746 1830 
418 640 409 894 279 603 505 386 200 374 495 520 400 244 137 667 620 524 222 561 196 120 601 506 516 196 471 303 250 591 547 307 567 324 224 265 364 354 274 716 631 299 545 234 385 0 215 270 407 452 291 96 641 487 261 436 300 339 545 396 1983 
509 479 375 733 120 445 636 477 291 465 626 611 485 29 168 567 473 636 353 447 186 184 732 348 647 186 420 394 341 430 638 137 698 162 9 123 455 196 405 616 469 428 444 19 476 211 0 401 359 291 122 227 479 317 392 267 394 470 449 371 1824 
575 487 188 741 436 760 387 543 357 531 453 558 130 397 222 825 382 504 45 718 260 258 424 663 443 260 232 442 407 472 565 464 390 352 377 422 521 512 390 761 457 29 702 387 542 203 372 0 185 288 448 263 467 644 5 593 107 329 306 174 2096 
695 339 16 593 392 641 515 663 477 651 581 729 192 242 313 838 279 675 233 718 330 355 552 593 571 330 129 580 527 290 736 409 519 166 258 395 641 437 546 887 330 225 716 248 662 323 271 215 0 102 393 383 340 588 220 538 208 499 203 11 1942 
653 237 84 491 289 539 514 620 434 608 580 754 194 139 210 736 231 743 301 615 228 252 551 490 570 228 128 537 485 188 781 306 518 63 156 292 598 334 555 785 227 293 613 146 619 280 168 283 68 0 290 377 237 486 288 435 276 567 175 79 1839 
456 642 538 896 195 554 763 426 417 381 752 527 648 192 327 468 636 664 480 347 349 310 859 457 773 349 583 422 422 593 554 103 825 326 172 55 404 305 525 517 632 557 345 182 392 338 163 527 522 454 0 354 642 283 519 232 553 597 612 534 1934 
386 674 412 928 339 663 512 365 201 375 501 513 406 304 192 669 623 456 228 562 230 180 608 566 522 230 474 214 199 625 540 367 573 358 284 325 365 414 178 718 665 305 546 294 386 173 275 276 410 486 351 0 675 547 268 496 304 346 548 399 2043 
834 90 302 345 471 638 732 802 616 790 798 936 357 321 392 917 191 961 519 797 409 434 768 589 788 409 248 719 666 160 963 488 735 245 337 474 780 433 737 966 142 501 795 327 801 462 350 491 285 217 472 558 0 667 496 617 494 785 195 297 1699 
435 850 747 1105 358 555 997 423 651 361 986 506 857 407 546 433 845 700 713 313 564 544 1093 374 1007 564 791 541 541 801 533 291 1058 534 387 390 395 329 645 482 841 790 311 397 371 572 378 761 731 663 334 587 851 0 753 205 772 831 821 742 1769 
584 495 196 750 444 769 395 551 365 540 461 561 138 405 230 833 390 507 40 726 268 266 432 671 452 268 240 437 416 481 568 472 399 360 385 430 529 520 385 763 465 37 710 395 550 211 380 8 193 296 456 272 475 652 0 601 115 331 315 182 2104 
407 748 645 1002 222 576 857 390 524 332 846 478 755 299 434 400 742 629 586 280 455 417 953 394 867 455 689 386 386 699 505 115 918 432 279 198 367 350 490 449 739 663 277 289 343 445 269 634 629 561 142 460 749 85 626 0 660 691 719 640 1790 
580 476 176 730 440 765 375 548 361 536 441 576 118 401 226 829 370 522 63 722 264 262 412 667 432 264 221 459 412 461 583 468 379 340 381 426 526 516 407 778 445 33 706 391 546 208 376 17 174 276 453 268 455 648 22 598 0 346 295 163 2085 
511 996 717 1250 818 1142 166 490 718 567 155 461 684 784 676 750 890 407 515 835 719 660 262 1045 176 719 741 478 541 981 468 846 227 847 764 804 597 894 476 663 965 592 819 773 566 662 754 563 715 818 830 572 975 1021 555 935 616 0 815 704 2084 
804 204 192 458 441 690 562 772 586 760 628 856 172 291 362 887 75 802 352 767 379 404 598 642 618 379 63 689 636 186 863 458 565 215 307 444 750 486 673 936 189 316 765 297 771 432 320 306 190 194 442 510 199 637 311 587 335 626 0 182 1813 
684 350 13 604 403 652 513 651 465 640 580 718 181 253 324 849 277 663 222 729 341 366 550 604 570 341 128 568 516 301 724 420 517 177 269 406 629 448 534 898 341 213 727 259 650 311 282 204 11 113 404 372 351 599 209 549 197 488 202 0 1953 
2143 2190 2438 2244 2217 2129 2542 2131 2467 2128 2531 2114 2548 2224 2324 2165 2408 2335 2530 2139 2342 2360 2638 2151 2552 2342 2474 2278 2278 2380 2141 2147 2603 2244 2204 2216 2170 2145 2291 2078 2249 2584 2137 2213 2139 2388 2194 2568 2421 2353 2160 2404 2317 2116 2569 2032 2551 2376 2412 2433 0 
# noon travel time matrix between customers (incl. depot as last customer) [int** t_travelNoon]
0 781 652 1061 451 742 512 37 337 111 507 189 654 422 414 483 761 281 478 369 472 397 603 657 528 472 683 120 121 699 216 401 572 494 406 339 144 512 199 457 768 553 364 415 112 429 397 525 649 584 369 317 771 530 518 446 555 359 730 639 1851 
883 0 338 280 507 631 751 851 658 825 818 949 385 358 432 910 229 976 543 794 447 472 786 592 806 447 287 760 708 192 976 521 755 280 375 511 829 471 756 959 72 522 791 365 836 501 388 513 322 255 506 584 149 695 518 646 513 818 234 333 1560 
704 335 0 616 380 583 498 672 479 646 565 735 182 231 305 783 263 660 226 667 320 344 533 543 553 320 126 571 529 253 742 393 502 152 247 384 650 420 533 832 322 209 663 237 657 308 261 199 12 93 379 365 326 568 204 519 197 509 193 16 1808 
921 54 375 0 546 668 787 890 697 864 854 988 439 397 471 949 283 1012 579 833 486 511 823 628 843 486 338 799 746 247 1015 559 791 318 413 550 868 507 795 998 126 561 830 404 874 540 427 552 359 292 545 623 198 734 557 685 550 857 276 369 1529 
587 500 387 781 0 411 681 558 365 513 676 637 487 142 263 588 481 685 416 473 278 259 773 326 698 278 421 467 415 419 664 138 741 214 126 218 536 181 466 637 488 469 469 135 524 287 117 454 371 304 213 295 491 297 456 248 436 528 450 381 1646 
789 545 574 807 412 0 881 758 564 732 876 856 673 342 443 817 668 884 616 701 458 459 972 311 898 458 608 667 614 605 883 427 941 400 326 418 736 279 666 866 609 650 698 335 742 487 317 634 558 491 413 494 678 593 639 553 616 728 636 568 1459 
473 689 473 970 601 884 0 452 547 527 66 453 418 564 486 737 569 378 333 756 535 468 91 799 55 535 433 441 501 658 460 625 60 610 548 599 559 654 441 651 655 337 751 557 528 475 539 327 470 551 611 385 659 800 332 751 415 296 499 460 2045 
31 812 684 1093 482 774 492 0 369 74 487 178 680 454 446 446 793 262 505 332 503 429 584 689 509 503 715 152 153 730 205 433 552 526 438 371 106 544 219 447 799 579 327 447 75 461 429 552 681 616 400 349 803 514 545 430 587 339 762 671 1840 
352 623 449 904 302 585 564 320 0 294 559 418 463 265 177 561 604 439 320 447 235 160 655 500 580 235 480 222 168 541 445 326 624 337 249 300 298 355 263 610 610 378 442 258 305 192 240 362 446 427 312 191 614 501 361 452 345 411 546 436 1820 
73 851 719 1131 512 812 522 62 411 0 518 123 710 492 488 420 831 292 535 306 545 471 614 727 539 545 750 190 195 769 150 446 582 564 476 409 154 582 249 392 838 609 300 485 10 503 467 582 716 654 389 390 841 487 575 404 622 369 800 706 1786 
474 773 558 1054 685 968 84 454 631 528 0 454 503 648 570 738 653 379 417 757 619 553 175 883 103 619 517 442 505 742 461 710 144 694 632 683 561 739 442 652 740 421 752 641 529 559 623 411 554 635 695 470 743 884 416 835 499 297 583 544 2046 
218 940 743 1221 601 901 546 206 555 202 541 0 734 582 620 378 910 296 559 395 669 603 637 816 563 669 773 338 339 858 27 535 606 653 566 499 244 672 334 292 927 633 390 575 212 609 557 606 739 744 479 491 931 577 599 493 646 393 840 729 1686 
691 370 150 651 515 718 436 659 466 634 503 692 0 366 319 900 250 616 175 787 356 354 472 678 492 356 114 559 516 339 698 528 440 287 382 519 637 555 520 889 337 137 781 373 644 296 396 127 147 228 514 352 340 703 132 654 184 465 180 137 1881 
528 358 245 639 149 379 619 496 303 470 614 594 344 0 120 551 339 623 330 436 135 160 674 333 636 135 279 405 353 276 621 162 642 71 16 152 474 188 404 601 345 327 432 6 481 189 30 311 229 162 147 233 349 337 316 288 294 466 307 239 1622 
490 459 304 740 283 565 544 458 265 432 560 556 318 189 0 697 439 571 236 581 57 52 579 480 581 57 334 367 315 377 583 307 548 172 173 298 436 336 349 746 446 232 577 182 443 95 177 217 300 262 293 178 450 482 222 433 199 411 401 290 1801 
438 861 748 1142 506 824 760 427 714 365 755 482 847 503 623 0 842 654 765 227 638 608 851 739 776 638 782 550 552 779 509 440 820 574 487 439 400 594 547 135 848 826 176 496 375 637 478 811 732 665 383 644 852 481 805 398 793 607 810 742 1903 
905 228 343 509 530 726 698 873 680 847 765 971 318 381 455 932 0 930 493 817 470 494 733 687 754 470 214 782 730 256 998 543 702 302 397 533 851 565 778 982 151 455 813 387 858 523 411 445 339 282 528 607 164 718 450 669 468 779 151 332 1789 
191 865 579 1146 571 854 382 171 418 245 377 292 570 534 456 588 746 0 394 474 501 439 473 769 399 501 609 159 222 811 319 591 442 606 518 529 277 625 151 560 832 469 469 527 246 441 509 442 575 656 558 283 836 656 435 572 481 229 676 565 1954 
558 508 230 789 453 736 402 537 398 566 460 538 175 416 251 821 389 462 0 719 288 286 437 651 457 288 252 397 384 468 545 477 405 367 400 451 569 506 344 735 475 74 713 409 576 228 391 47 227 308 463 248 478 652 40 603 152 311 319 217 1971 
310 733 619 1013 377 695 759 299 585 236 754 360 719 374 495 238 713 528 637 0 510 480 850 610 776 510 653 422 423 651 387 311 819 446 358 310 272 466 486 287 720 698 59 367 247 508 349 682 603 536 255 515 723 353 677 269 665 606 682 613 1708 
435 517 361 798 265 547 527 403 210 377 522 501 375 228 58 644 497 530 261 530 0 24 618 462 543 0 392 312 260 435 528 289 587 230 212 263 381 318 311 693 504 290 525 221 388 133 203 274 358 321 275 140 508 464 279 415 257 373 458 348 1783 
449 492 336 773 279 562 541 418 224 392 536 516 350 223 33 659 473 544 269 545 91 0 612 477 558 91 367 327 274 410 543 303 581 206 207 277 396 332 326 708 479 265 540 216 402 127 211 250 333 296 289 154 483 478 255 429 232 388 434 323 1797 
584 740 525 1021 632 915 176 563 578 638 243 564 470 595 517 848 620 488 364 867 566 499 0 830 199 566 484 545 532 709 571 656 144 662 579 630 670 685 481 762 707 388 862 588 639 506 570 378 522 602 642 416 710 831 383 782 451 337 551 512 2150 
762 621 552 883 384 320 854 730 537 689 849 813 651 314 421 763 646 857 588 648 436 431 945 0 870 436 586 639 587 583 840 400 914 378 298 390 708 252 638 812 652 628 644 307 699 460 289 612 536 469 385 467 656 484 617 525 594 700 614 546 1556 
497 744 529 1025 657 939 55 476 602 551 90 477 474 619 541 761 625 402 389 780 590 524 86 854 0 590 488 465 528 713 484 681 51 666 604 655 583 710 465 675 711 392 775 613 552 530 595 382 526 607 666 441 714 856 388 807 471 320 555 516 2069 
435 517 361 798 265 547 527 403 210 377 522 501 375 228 58 644 497 530 261 530 0 24 618 462 543 0 392 312 260 435 528 289 587 230 212 263 381 318 311 693 504 290 525 221 388 133 203 274 358 321 275 140 508 464 279 415 257 373 458 348 1783 
776 256 144 537 435 638 500 744 551 719 567 807 187 286 360 837 136 732 299 722 375 399 535 598 555 375 0 644 601 225 814 448 504 207 302 438 722 474 605 887 222 281 718 292 729 381 316 271 141 187 433 437 226 623 276 574 269 581 66 134 1816 
160 790 546 1071 469 751 419 140 267 214 414 261 547 432 344 551 713 217 372 438 401 327 510 667 435 401 576 0 76 708 288 445 479 503 416 383 212 522 99 530 777 446 432 425 216 359 407 419 543 594 413 211 781 574 412 490 449 266 643 533 1923 
244 739 533 1019 417 700 482 224 215 252 478 345 535 380 292 548 700 301 359 434 350 275 574 615 499 350 564 83 0 657 372 434 542 452 364 372 227 470 162 597 726 434 429 373 263 307 355 406 530 542 401 198 729 562 399 479 436 329 630 520 1935 
730 157 183 438 355 470 596 698 505 672 662 796 283 205 280 757 285 821 388 642 294 319 631 430 651 294 217 607 555 0 823 368 600 127 222 358 676 309 603 806 222 370 638 212 683 348 236 360 167 100 353 432 295 543 365 494 358 665 254 177 1624 
190 913 769 1194 574 874 572 179 528 175 567 92 760 554 605 447 893 278 584 368 652 588 663 789 589 652 799 311 312 831 0 508 632 626 539 472 217 645 341 361 900 659 363 548 185 620 530 632 765 717 452 473 904 550 625 466 671 419 862 755 1754 
464 512 398 792 132 474 681 440 364 390 676 514 498 153 274 465 492 652 416 350 289 259 772 386 698 289 432 434 414 430 541 0 741 225 137 104 418 245 466 514 499 477 346 146 401 287 128 461 382 315 82 294 502 174 456 125 444 528 461 392 1710 
546 699 484 980 611 894 72 525 557 599 139 526 429 574 496 809 579 450 343 829 545 479 35 809 54 545 443 514 511 668 533 636 0 620 558 609 632 665 461 723 666 347 824 567 601 485 549 337 480 561 621 396 669 810 342 761 425 317 509 470 2117 
603 286 173 567 227 430 585 571 378 545 652 669 272 78 152 630 267 698 362 514 167 192 621 391 641 167 207 480 428 204 696 241 589 0 95 231 549 267 476 679 273 359 511 85 556 221 108 343 157 90 226 304 277 415 348 366 326 538 236 167 1673 
511 374 260 655 132 395 603 479 286 454 598 577 360 15 136 535 354 606 337 419 151 176 690 322 619 151 294 389 336 292 605 146 658 87 0 136 457 178 388 584 361 343 416 9 464 205 13 327 245 177 131 216 365 320 332 271 309 450 323 255 1638 
454 511 397 791 155 473 675 432 358 380 670 504 497 152 270 487 491 644 409 372 288 252 766 389 691 288 431 426 408 429 531 106 735 224 136 0 410 244 459 536 498 471 368 145 391 281 127 455 381 314 61 288 501 280 449 232 437 521 460 391 1709 
100 838 714 1119 508 799 560 68 398 67 555 191 715 480 475 439 819 330 539 326 533 458 652 714 577 533 744 181 183 756 218 459 620 551 464 397 0 570 260 459 825 614 320 473 77 490 455 587 709 642 409 378 829 507 580 424 616 407 787 700 1853 
654 605 492 886 317 400 786 642 470 580 781 704 592 247 368 654 586 790 521 539 383 364 878 249 803 383 526 572 520 524 731 332 846 319 231 323 616 0 571 703 593 574 535 240 590 392 222 559 476 409 318 400 596 375 561 458 541 633 555 486 1635 
252 797 510 1078 479 762 320 231 321 306 315 353 502 442 363 646 677 315 326 533 403 346 411 677 336 403 541 109 172 718 380 503 380 514 426 477 307 532 0 599 764 401 527 435 307 343 417 373 507 588 489 186 767 669 366 585 413 167 608 497 1993 
408 898 785 1179 543 861 662 397 746 392 657 384 850 540 661 116 879 557 675 264 675 646 753 776 679 675 819 528 530 816 411 477 722 612 524 476 434 632 450 0 885 749 214 533 403 674 515 722 769 702 420 635 889 519 715 435 762 509 848 779 1870 
900 77 356 357 525 649 721 868 675 842 788 966 341 375 450 927 169 953 516 812 464 489 756 609 777 464 237 777 725 208 993 538 725 297 392 528 846 488 773 976 0 478 808 382 853 518 406 468 340 273 523 602 76 713 473 664 491 802 174 350 1637 
566 462 175 743 395 678 423 534 341 508 490 604 196 358 193 775 342 528 95 661 230 229 458 593 478 230 206 433 391 413 610 420 427 312 343 394 512 449 395 801 428 0 656 352 519 170 333 96 172 253 405 227 432 595 101 546 78 377 272 162 1913 
315 737 624 1018 382 700 764 303 590 241 759 364 723 379 499 178 718 533 641 50 514 484 855 615 780 514 658 426 428 655 392 316 824 450 363 315 276 471 490 227 724 703 0 372 251 513 354 687 608 541 259 520 728 357 681 274 669 610 686 618 1758 
521 365 251 646 142 386 612 489 296 463 608 587 351 6 127 545 345 616 337 429 142 167 681 326 629 142 285 398 346 283 614 155 649 78 9 146 467 182 397 594 352 334 426 0 474 196 23 318 236 168 141 226 356 330 323 281 300 459 314 246 1629 
63 840 709 1121 501 801 512 52 401 102 507 113 700 482 477 409 821 281 524 295 535 460 603 716 529 535 739 180 185 758 140 435 572 553 466 399 144 572 239 381 827 599 290 475 0 492 457 572 705 644 379 379 831 477 565 393 611 359 789 695 1775 
439 590 346 871 269 551 470 407 214 381 465 505 360 232 153 648 513 476 204 534 211 136 561 466 486 211 377 289 264 508 532 293 530 303 216 267 385 322 254 697 577 275 529 225 392 0 207 251 343 394 279 83 581 468 244 419 241 316 443 333 1787 
497 383 269 664 119 401 589 466 273 440 584 564 369 24 145 521 363 592 324 406 160 167 681 316 606 160 303 375 322 301 591 132 649 96 9 122 444 172 374 570 370 352 402 18 450 195 0 336 254 187 117 202 374 307 341 258 318 436 332 264 1636 
584 461 183 742 423 705 354 561 368 535 421 564 128 386 220 802 341 489 47 688 258 256 390 620 410 258 205 445 418 420 571 447 358 320 370 421 539 476 392 762 428 27 683 379 546 198 361 0 180 260 433 254 431 622 5 573 105 338 271 170 1941 
697 322 15 603 367 570 491 665 472 640 558 729 175 218 292 770 256 653 220 654 307 332 527 531 547 307 120 565 522 240 735 381 495 140 235 371 643 407 526 819 309 202 651 225 650 302 248 192 0 80 366 358 313 555 198 506 190 502 186 10 1795 
662 242 82 522 286 489 495 630 437 604 562 728 182 137 212 689 222 720 287 574 226 251 530 450 551 226 116 539 487 160 755 300 499 59 154 290 608 326 535 738 229 269 570 144 615 280 167 260 67 0 285 364 232 474 265 426 258 569 171 77 1714 
425 510 396 790 154 472 679 400 362 351 674 474 496 151 272 426 490 612 414 310 287 257 770 388 696 287 430 394 396 428 502 89 739 223 135 55 378 243 464 475 497 475 306 144 361 285 126 459 380 313 0 292 500 263 454 214 442 526 459 390 1708 
367 614 346 895 293 575 475 346 197 365 470 467 360 256 177 632 513 423 210 518 217 160 567 491 492 217 377 206 192 532 494 317 535 327 240 291 369 346 171 681 599 275 513 249 375 157 231 257 343 418 303 0 603 492 250 443 242 322 443 333 1811 
836 96 290 377 461 583 702 805 612 779 769 903 344 312 386 864 187 927 494 748 401 426 738 543 758 401 246 714 661 151 930 474 706 233 328 465 783 422 710 913 160 476 745 319 789 455 342 467 274 207 460 538 0 649 472 600 465 772 193 284 1656 
366 718 604 999 361 512 815 355 582 293 811 416 704 359 480 367 698 585 633 251 495 476 907 367 832 495 638 478 480 636 443 291 875 431 343 363 328 297 542 416 705 687 248 352 303 505 334 671 588 521 307 512 708 0 673 192 653 662 667 599 1737 
586 468 190 749 430 712 361 566 375 542 428 567 135 393 227 809 348 491 42 695 265 263 397 627 417 265 212 440 425 427 573 454 365 327 377 428 546 483 387 764 435 34 690 386 553 205 368 7 187 267 440 261 438 629 0 580 112 340 278 177 1948 
348 601 487 882 226 530 749 336 454 274 744 397 587 242 363 348 581 566 505 233 378 348 840 386 766 378 521 350 351 519 425 115 809 314 226 179 309 315 429 397 588 566 229 235 284 376 217 550 471 404 123 383 591 83 545 0 533 596 550 482 1755 
599 451 173 732 429 711 345 567 374 542 411 582 118 388 226 808 332 506 65 695 264 262 380 627 400 264 195 463 424 411 588 453 348 310 376 427 545 482 410 779 418 33 689 385 552 204 367 17 170 251 439 260 422 628 22 579 0 355 262 160 1947 
452 842 627 1123 730 1013 153 431 675 505 148 432 572 693 614 715 722 356 460 735 664 597 244 928 169 664 586 420 483 811 438 754 213 763 677 728 538 783 420 629 809 490 729 686 507 604 668 480 623 704 740 514 812 916 485 833 547 0 652 613 2023 
796 199 191 480 420 623 546 764 571 738 613 854 166 271 346 823 69 778 341 708 360 385 582 584 602 360 62 673 621 164 861 434 550 193 288 424 742 460 652 872 194 303 704 278 749 414 301 293 188 173 419 484 197 608 298 560 316 627 0 181 1760 
687 332 13 613 377 580 481 655 462 630 548 718 165 228 302 780 256 643 210 664 317 342 517 541 537 317 119 555 512 250 725 391 485 150 245 381 633 417 516 829 319 192 661 235 640 292 258 182 10 90 376 348 323 565 187 516 180 492 186 0 1805 
1837 1560 1800 1624 1668 1547 2091 1825 1821 1821 2086 1813 1899 1598 1699 1918 1789 1985 1872 1813 1714 1715 2182 1567 2107 1714 1834 1923 1871 1742 1840 1683 2151 1639 1582 1674 1863 1535 1878 1832 1633 1906 1810 1591 1831 1743 1573 1890 1784 1717 1669 1751 1709 1830 1895 1754 1872 1937 1795 1794 0 
# afternoon/PM travel time matrix between customers (incl. depot as last customer) [int** t_travelPM]
0 891 684 1179 515 822 662 37 354 111 664 204 684 481 429 501 862 327 504 397 487 411 759 734 673 487 718 127 128 802 232 466 724 564 465 395 144 589 245 479 885 584 380 474 113 446 456 552 681 681 423 328 889 581 544 496 582 472 788 671 1948 
926 0 355 288 552 660 810 894 696 878 889 1018 395 383 461 1002 240 1040 576 881 476 501 843 618 865 476 297 801 745 219 1046 575 810 297 401 563 873 542 801 1050 72 540 881 390 889 532 426 528 338 269 566 619 149 755 533 705 545 876 247 351 1785 
747 355 0 643 415 610 549 716 517 699 628 806 191 246 324 865 281 730 252 745 339 364 582 569 603 339 137 601 566 266 814 439 549 160 264 426 694 455 565 914 349 224 744 253 710 328 290 213 12 99 430 389 352 618 218 568 212 566 207 17 2008 
965 54 393 0 590 698 848 933 735 917 928 1056 449 422 500 1041 295 1078 624 920 515 539 882 657 903 515 348 839 783 274 1085 614 848 335 439 601 912 580 839 1089 127 595 919 428 928 571 465 583 377 307 605 657 200 793 588 743 583 915 287 389 1754 
629 565 442 854 0 432 779 597 399 556 781 696 551 155 282 638 559 752 466 518 297 290 876 344 790 297 485 503 447 477 724 140 841 238 139 234 576 199 513 687 559 518 517 148 567 321 130 500 425 356 230 331 563 303 505 253 483 588 513 437 1892 
874 582 656 870 463 0 1024 842 644 826 1026 965 765 400 504 925 774 997 711 804 519 535 1121 341 1035 519 700 748 693 691 994 498 1086 453 384 485 821 330 758 973 647 741 803 393 837 566 375 723 640 570 489 576 723 654 728 613 705 834 728 652 1624 
550 739 500 1027 634 939 0 530 567 604 79 524 440 597 512 815 610 448 349 864 549 497 97 851 62 549 467 518 513 714 532 668 64 645 581 631 637 706 488 727 710 363 848 591 606 490 572 352 497 584 659 402 713 848 357 798 450 352 536 487 2196 
31 923 716 1211 547 854 671 0 386 74 673 193 716 513 461 467 893 307 535 362 519 443 769 766 682 519 750 159 160 834 222 498 734 596 497 426 106 621 276 468 917 615 345 506 76 478 488 584 713 713 455 360 921 546 576 462 614 481 820 703 1937 
365 684 486 972 310 615 630 334 0 317 632 457 497 274 182 595 664 495 344 491 240 164 727 527 641 240 520 232 176 595 486 345 692 357 258 308 312 382 274 644 678 413 474 267 328 199 249 393 483 474 336 202 682 524 385 474 377 439 590 473 2075 
76 930 761 1218 554 861 704 64 430 0 706 139 760 520 505 436 924 340 580 332 564 488 801 773 715 564 794 203 204 841 168 490 766 603 504 433 155 628 309 414 924 660 315 513 11 522 494 629 758 720 436 404 927 516 620 432 659 514 864 747 1883 
534 832 593 1120 727 1032 93 513 660 588 0 508 533 690 605 799 703 432 442 848 642 590 190 944 110 642 560 502 564 807 516 761 157 738 674 724 620 799 521 711 803 456 832 684 590 583 665 445 590 677 752 495 806 941 450 891 543 341 629 580 2180 
231 1024 900 1312 648 955 759 220 586 212 762 0 916 613 660 390 1018 346 735 426 712 643 857 867 770 712 943 359 360 935 28 584 822 697 597 527 257 722 435 302 1018 815 409 607 223 677 588 784 884 814 530 560 1021 610 776 526 814 569 971 896 1771 
730 390 156 678 556 751 487 698 500 682 566 748 0 387 332 960 261 672 181 855 370 368 520 709 541 370 118 583 548 365 756 579 487 301 405 554 676 596 546 950 361 145 838 394 693 310 430 133 153 240 570 371 364 759 138 709 194 516 188 142 2149 
567 410 286 698 168 389 717 535 337 519 719 659 395 0 126 618 404 691 375 498 141 166 755 348 728 141 329 442 386 321 687 192 721 83 17 179 514 208 451 667 404 363 497 6 530 197 43 345 270 200 183 269 407 371 350 321 327 527 358 282 1857 
508 506 337 794 290 583 622 476 278 460 634 600 348 194 0 738 500 606 276 630 58 52 655 507 643 58 371 383 327 417 628 324 622 179 178 312 455 362 366 786 500 263 617 187 471 98 193 245 334 296 315 184 504 504 251 454 228 442 440 323 2042 
466 974 850 1262 563 903 991 455 785 390 993 518 959 563 690 0 968 730 853 234 705 677 1089 815 1002 705 893 578 579 885 531 476 1054 647 547 479 427 670 695 135 968 925 182 557 401 708 538 902 834 764 422 718 971 502 894 418 890 801 921 846 1999 
963 230 351 518 589 775 743 931 733 915 823 1054 323 420 498 1039 0 995 505 918 513 537 777 733 798 513 219 837 782 298 1079 612 744 334 438 599 910 628 837 1087 152 469 918 427 926 569 463 457 348 312 603 655 165 791 462 742 490 840 159 342 2015 
198 983 677 1271 634 939 512 177 438 252 514 316 669 598 503 616 854 0 489 512 540 495 609 851 523 540 710 166 228 900 345 626 574 661 582 555 284 706 177 591 953 569 495 591 254 481 572 538 674 761 583 315 957 696 529 612 575 321 780 663 2060 
590 534 240 822 483 788 454 569 426 608 533 606 180 432 259 886 405 530 0 782 296 295 488 700 509 296 261 406 390 491 614 517 454 385 416 480 603 555 365 808 504 80 765 426 619 237 421 48 237 324 508 259 508 697 40 647 166 366 331 227 2233 
328 835 711 1123 424 765 956 316 647 251 958 391 820 425 551 243 829 592 714 0 566 538 1053 677 967 566 755 439 440 746 420 337 1018 508 409 340 289 532 557 291 829 787 60 418 262 569 400 763 695 625 283 579 833 363 755 279 751 765 783 707 1794 
450 564 393 853 276 581 600 418 220 402 602 541 404 240 58 680 558 573 287 575 0 24 697 493 611 0 427 324 268 476 570 311 662 237 224 274 397 348 334 728 558 319 559 233 413 142 215 302 390 355 302 152 562 490 307 440 284 409 497 380 2041 
464 540 369 828 291 596 614 432 234 416 616 556 379 228 33 694 534 588 302 590 92 0 687 508 625 92 402 339 283 451 584 325 653 213 212 288 411 363 348 742 534 295 573 221 427 129 227 277 366 330 316 166 537 505 282 455 259 424 472 355 2055 
637 789 550 1077 661 966 187 617 595 691 266 611 490 625 540 902 660 535 377 951 577 525 0 879 200 577 516 557 541 763 619 696 145 695 609 659 723 734 515 814 759 413 934 618 693 518 600 401 547 634 687 430 763 875 407 826 478 380 586 537 2283 
822 656 610 944 411 327 972 790 592 770 974 910 719 348 457 843 727 945 659 722 472 483 1069 0 983 472 653 696 640 644 939 446 1034 406 332 433 768 278 706 891 721 694 722 341 781 514 323 676 593 523 437 524 731 511 681 561 658 781 681 605 1786 
554 797 559 1085 692 997 58 534 626 608 97 528 498 656 570 819 669 452 407 869 608 555 88 909 0 608 525 522 572 772 536 727 51 704 640 690 641 764 542 731 768 422 852 649 610 548 630 410 556 643 718 460 771 906 415 856 508 361 595 545 2200 
450 564 393 853 276 581 600 418 220 402 602 541 404 240 58 680 558 573 287 575 0 24 697 493 611 0 427 324 268 476 570 311 662 237 224 274 397 348 334 728 558 319 559 233 413 142 215 302 390 355 302 152 562 490 307 440 284 409 497 380 2041 
822 272 148 560 489 685 540 790 592 774 619 880 188 321 399 940 143 804 327 819 414 438 573 643 595 414 0 675 641 247 888 513 540 234 338 500 769 529 639 988 243 299 818 327 785 403 364 287 145 209 504 463 246 692 292 642 286 640 69 138 2057 
183 855 571 1143 481 786 556 162 278 237 558 301 571 445 353 582 748 263 390 478 411 335 653 698 567 411 605 0 77 766 330 475 618 528 429 403 222 553 138 576 848 471 461 438 239 370 420 439 568 645 432 215 851 599 431 514 469 365 675 558 2045 
263 803 560 1091 429 734 557 242 226 269 559 381 560 393 300 578 738 348 380 473 359 283 654 646 568 359 594 84 0 714 409 463 619 476 377 391 237 501 201 626 797 460 457 386 280 317 367 428 558 593 420 204 800 587 420 503 459 366 664 547 2125 
760 157 189 445 386 488 644 729 530 712 723 852 298 217 296 836 315 874 420 716 310 335 678 446 699 310 233 635 579 0 881 410 644 131 235 397 707 370 635 885 222 392 715 224 723 366 261 380 173 103 401 453 298 589 385 539 379 710 269 185 1813 
203 995 871 1283 619 926 751 191 557 183 753 99 887 585 632 463 989 327 707 397 683 614 848 838 762 683 915 330 331 906 0 555 813 668 569 498 229 693 416 375 989 787 381 578 194 649 560 755 855 785 501 531 993 582 747 497 785 561 943 867 1844 
508 583 460 872 133 511 783 497 403 432 785 571 569 173 300 509 577 757 471 389 315 295 881 396 794 315 503 508 452 495 600 0 846 256 157 106 469 278 517 558 577 536 388 166 443 325 148 518 443 374 90 335 581 179 511 129 501 593 531 455 1940 
609 746 507 1034 641 946 77 588 574 663 151 583 447 604 519 874 617 507 356 923 556 504 37 858 54 556 474 536 520 721 591 675 0 652 588 638 695 713 495 786 717 370 906 598 665 497 579 359 504 591 666 409 720 855 364 805 457 359 543 494 2255 
629 327 203 615 254 450 658 597 399 581 737 720 312 86 164 705 320 743 413 584 179 203 691 408 712 179 246 503 447 238 749 278 658 0 104 265 576 294 503 753 320 400 584 93 592 235 129 382 186 117 269 321 324 457 388 407 365 579 274 198 1862 
549 426 302 714 150 405 699 517 319 501 701 641 411 16 142 601 420 673 387 480 157 182 771 342 710 157 345 424 368 337 669 174 737 99 0 161 496 197 433 649 420 379 480 9 512 213 25 361 286 216 165 251 423 353 366 303 343 509 374 298 1873 
487 586 462 874 175 515 759 457 379 410 761 550 571 175 288 522 579 721 447 401 311 271 856 427 770 311 505 457 428 497 579 115 821 259 159 0 435 282 493 570 579 519 401 168 421 301 150 495 445 376 63 311 583 294 487 244 483 569 533 457 1975 
100 937 741 1225 561 868 718 68 410 67 720 206 740 527 485 460 918 376 560 355 544 468 816 780 729 544 774 183 184 848 235 512 781 610 511 441 0 635 301 482 931 640 339 520 78 502 502 609 738 727 459 384 935 540 600 455 639 528 844 727 1951 
725 695 572 984 348 415 909 713 529 649 911 788 681 285 412 721 689 882 596 601 427 420 1006 258 920 427 615 633 577 607 817 383 971 368 269 370 686 0 643 770 689 648 600 278 660 451 260 630 555 486 374 461 693 389 635 498 613 718 643 567 1874 
265 864 558 1152 515 820 417 245 337 319 419 384 535 479 385 684 735 353 355 579 422 379 514 733 428 422 592 116 178 781 412 550 479 543 463 505 323 588 0 659 835 435 562 472 321 362 454 404 555 642 533 196 838 700 395 616 456 227 661 544 2128 
461 1010 887 1298 599 940 889 450 816 427 891 415 996 600 727 117 1004 665 866 271 741 713 986 852 900 741 930 589 590 921 428 512 951 683 584 515 464 707 618 0 1004 946 219 593 438 744 575 915 870 800 459 754 1008 539 906 454 926 698 958 882 1966 
943 78 372 366 569 677 768 912 713 895 847 1035 348 400 478 1019 177 1020 529 899 493 518 801 636 823 493 244 818 762 237 1064 593 768 314 418 580 890 559 818 1068 0 493 898 407 906 549 444 481 356 286 584 636 76 772 486 722 514 864 183 366 1863 
603 494 188 782 429 734 480 571 373 555 559 661 206 379 206 833 365 585 114 728 243 241 513 646 535 243 221 456 421 439 669 464 480 333 363 427 550 501 420 864 464 0 712 372 566 183 368 104 185 272 455 244 468 643 109 593 86 421 291 174 2181 
339 846 723 1134 435 776 967 327 658 263 969 402 832 436 563 182 840 603 726 52 577 550 1064 688 978 577 766 450 451 757 431 348 1029 519 420 351 300 543 568 231 840 798 0 429 274 580 411 774 706 636 295 590 844 375 766 290 762 777 794 718 1846 
560 417 293 705 161 396 710 528 330 512 712 652 402 6 133 612 411 684 382 491 148 172 761 346 721 148 336 435 379 328 680 185 728 90 11 172 507 201 444 660 411 369 491 0 523 204 36 352 276 207 176 262 414 364 357 314 334 520 364 289 1863 
65 919 750 1207 543 850 693 53 419 107 695 128 749 509 494 425 913 329 569 321 553 477 790 762 704 553 783 192 193 830 157 479 755 592 493 422 152 617 298 403 913 649 304 502 0 511 483 618 747 709 425 393 916 505 609 421 648 503 853 736 1872 
463 663 378 952 289 594 534 431 233 415 536 555 389 253 170 693 555 507 221 589 218 153 631 507 545 218 411 298 282 575 583 324 596 336 237 287 410 362 268 741 654 301 572 246 426 0 228 270 375 454 315 86 658 503 262 454 269 343 481 364 2054 
528 435 311 723 125 414 678 496 298 480 680 619 420 25 151 575 429 651 365 454 166 189 775 342 689 166 355 402 347 346 648 149 740 108 9 136 475 197 412 623 429 388 454 18 491 220 0 370 295 225 140 230 433 328 375 278 352 488 383 307 1882 
634 485 191 773 460 765 405 602 404 586 485 614 131 410 237 864 356 538 48 760 274 272 439 678 460 274 212 454 438 442 622 495 405 336 394 458 581 533 413 817 455 31 743 403 597 215 399 0 189 275 486 275 459 674 5 625 117 383 282 178 2185 
742 342 16 630 402 598 543 710 512 694 622 800 186 234 312 852 275 724 246 732 326 351 576 556 598 326 131 595 560 253 808 426 543 147 251 413 689 442 559 901 336 219 731 240 705 322 277 207 0 86 417 383 340 605 212 555 206 560 201 12 1996 
690 255 86 543 315 511 541 658 460 642 620 781 195 147 225 766 249 793 316 645 240 264 574 469 595 240 129 564 508 166 810 339 541 61 165 326 637 355 564 814 249 288 645 154 653 296 190 276 69 0 330 382 253 518 282 468 275 630 179 81 1909 
458 585 461 873 174 514 785 447 404 382 787 521 570 174 301 458 579 722 472 338 316 296 882 426 796 316 504 462 453 496 550 93 847 258 158 56 419 281 519 507 579 538 337 168 393 327 149 520 445 375 0 337 582 273 513 223 502 594 532 457 1974 
395 673 386 961 319 624 543 374 200 382 545 513 396 282 188 660 563 475 230 556 225 182 640 536 554 225 419 211 196 584 541 353 605 346 266 317 377 391 182 709 662 310 539 276 393 166 257 279 383 463 344 0 666 533 271 483 276 352 489 372 2083 
876 99 305 387 501 610 759 844 646 828 839 967 352 333 411 952 197 990 533 831 426 450 793 568 814 426 254 750 694 176 996 525 760 247 351 512 823 491 750 1000 163 497 831 340 839 482 376 485 288 218 516 568 0 704 490 654 494 826 204 300 1884 
423 835 711 1123 388 554 1048 411 668 346 1050 486 820 424 551 419 828 687 735 298 566 559 1145 402 1059 566 754 534 535 746 515 313 1110 508 408 390 384 354 652 467 828 787 298 417 357 590 399 769 694 625 333 600 832 0 775 197 752 858 782 706 1826 
633 493 200 781 469 774 414 610 412 594 493 617 139 418 245 872 364 540 43 768 282 281 447 686 468 282 221 449 433 450 624 503 414 345 402 466 589 541 408 819 464 39 751 412 605 223 407 8 197 284 494 284 467 683 0 633 125 385 291 186 2193 
400 694 571 982 227 573 894 389 514 324 896 464 680 284 411 393 688 664 582 272 425 406 991 422 905 425 614 425 426 605 492 115 956 367 268 195 361 372 542 441 688 647 272 277 335 436 259 629 554 484 138 446 692 84 622 0 612 704 642 566 1845 
638 473 180 761 465 770 394 606 408 590 473 632 119 411 241 868 344 556 65 764 278 277 427 682 448 278 201 472 456 431 640 499 394 325 399 463 585 537 431 834 444 35 747 408 601 219 403 17 177 264 490 280 447 679 22 629 0 400 271 166 2173 
519 929 691 1217 809 1114 190 499 743 573 192 493 630 773 688 784 801 417 523 834 725 673 287 1027 201 725 657 487 550 904 501 844 252 836 757 807 606 882 507 696 900 554 817 766 575 666 748 542 688 775 835 578 904 1018 547 933 624 0 727 677 2165 
846 216 192 504 472 667 584 814 616 798 663 912 164 303 381 922 73 836 345 801 396 421 617 625 639 396 60 719 665 203 920 495 584 217 321 483 793 512 683 970 210 309 801 310 809 447 346 297 189 195 486 508 213 675 302 625 330 680 0 182 2001 
730 353 13 641 413 608 538 698 500 682 617 788 174 244 322 863 273 712 234 742 337 362 571 567 592 337 130 583 548 264 796 437 538 158 262 424 676 453 547 911 347 207 742 251 693 310 288 195 10 97 428 371 350 616 200 566 194 548 200 0 2006 
1923 1655 1910 1724 1788 1634 2331 1911 1969 1903 2351 1896 2019 1725 1829 1953 1896 2127 2037 1885 1844 1861 2364 1666 2360 1844 1953 2050 2018 1852 1925 1823 2331 1722 1709 1810 1949 1655 2079 1865 1728 2066 1885 1719 1914 1891 1700 2048 1894 1824 1814 1901 1804 1868 2053 1783 2030 2159 1901 1906 0 
# average travel time matrix between customers (incl. depot as last customer) [int** t_travel]
0 868 677 1142 500 813 594 37 348 112 589 200 674 473 424 498 843 312 496 390 483 407 688 723 606 483 720 128 128 795 228 451 655 558 456 381 144 576 228 473 859 574 377 465 113 440 446 544 675 670 406 326 865 567 536 482 577 424 783 664 1901 
896 0 346 274 525 658 779 864 671 846 850 982 391 369 443 958 229 1007 561 839 459 484 814 615 834 459 290 775 721 202 1010 543 781 289 386 531 842 497 779 1006 68 533 837 376 857 513 403 523 330 262 529 602 142 721 528 671 532 841 235 342 1652 
718 348 0 622 400 616 523 686 493 668 594 759 191 244 319 834 277 691 239 715 335 359 558 573 578 335 133 586 543 274 766 418 526 164 261 406 664 442 550 883 338 222 712 251 679 322 279 211 13 103 405 381 344 596 216 546 208 527 204 17 1924 
933 53 383 0 562 689 815 901 709 883 886 1019 442 406 480 995 283 1043 600 876 496 521 851 651 871 496 338 812 758 256 1047 580 818 326 423 568 880 533 816 1044 121 579 874 413 894 551 440 569 367 298 567 639 193 758 574 708 569 879 276 378 1622 
613 553 440 828 0 433 736 582 389 545 732 681 547 152 281 628 543 729 449 509 297 282 831 343 749 297 481 492 439 481 709 142 798 244 135 230 560 195 499 677 544 510 507 144 556 311 126 489 424 356 226 322 550 304 489 254 481 566 510 435 1791 
841 581 636 849 441 0 964 809 616 791 959 927 742 380 482 888 739 956 677 768 498 509 1059 326 977 498 676 720 666 676 955 472 1025 441 362 460 787 309 727 936 641 716 766 372 802 538 353 700 620 551 459 549 712 619 703 590 682 794 705 631 1567 
519 753 516 1027 636 940 0 498 565 573 71 486 459 600 509 775 635 418 351 825 552 493 95 850 58 552 492 486 516 729 494 664 62 652 582 629 605 702 471 688 722 380 813 592 574 494 573 366 513 603 651 404 727 843 367 793 446 324 562 502 2115 
32 900 710 1174 531 845 594 0 380 75 590 190 705 505 457 463 875 293 527 355 514 439 689 755 607 514 752 160 160 827 217 483 656 590 488 413 106 608 256 463 891 604 342 497 76 472 479 575 707 702 438 358 897 539 567 454 609 424 815 696 1890 
354 662 482 936 313 617 596 322 0 304 592 440 490 277 178 583 647 466 332 475 237 161 691 527 609 237 524 225 170 589 468 342 657 352 260 307 300 380 266 632 653 400 462 269 314 194 251 378 479 464 329 194 659 520 373 470 375 426 594 469 1975 
75 924 750 1198 543 859 626 63 423 0 621 136 743 519 499 435 912 324 566 327 558 482 721 769 638 558 792 201 203 851 164 481 687 614 502 427 155 622 287 409 915 643 314 511 11 515 492 614 748 726 424 401 920 511 606 426 650 456 857 737 1837 
515 842 605 1116 725 1029 89 494 654 570 0 483 548 689 598 771 724 415 440 822 641 582 184 939 106 641 581 483 545 818 490 754 151 741 671 718 601 792 488 684 811 469 810 681 571 583 662 455 602 692 740 494 816 932 456 882 535 322 651 591 2112 
228 1019 856 1294 638 954 675 216 576 211 670 0 850 614 648 385 1005 331 672 422 701 631 770 864 687 701 901 355 356 946 28 576 736 709 597 522 254 717 396 298 1010 749 409 606 222 655 588 720 849 821 520 537 1016 606 712 521 761 505 957 846 1726 
702 385 155 659 539 756 465 670 477 652 536 711 0 384 327 931 264 643 179 823 365 363 500 712 521 365 124 570 527 361 718 558 468 304 401 535 648 582 530 912 354 142 810 391 663 306 418 132 152 242 545 365 359 736 137 686 192 482 194 141 2004 
545 406 293 680 156 399 668 513 320 495 663 631 399 0 129 589 396 660 363 470 144 169 731 348 680 144 333 424 370 333 659 174 697 96 17 162 491 203 430 638 397 363 468 6 506 199 34 346 276 208 161 253 402 352 351 302 329 498 362 288 1765 
489 489 334 764 291 586 590 457 265 439 595 576 346 193 0 718 479 591 266 608 58 53 633 505 612 58 376 368 314 416 603 316 601 179 176 304 435 358 362 767 480 260 597 185 450 97 183 244 331 291 303 185 486 494 250 444 227 430 438 320 1940 
464 963 849 1237 559 898 915 453 770 389 911 509 952 557 678 0 953 712 831 232 696 663 1010 796 928 696 890 574 575 890 527 473 977 653 539 473 425 661 646 136 954 901 181 549 400 692 530 878 833 765 417 703 959 503 871 419 877 746 918 845 1959 
926 222 347 496 555 765 719 894 701 876 790 1012 322 399 473 988 0 960 501 869 489 513 754 722 775 489 216 804 751 277 1031 573 722 319 416 560 872 594 809 1037 148 465 867 406 887 543 433 454 343 298 559 632 163 751 459 701 482 800 154 337 1873 
197 941 640 1215 614 918 450 176 428 251 446 312 626 579 483 612 825 0 448 504 524 471 545 828 463 524 681 164 227 879 340 613 511 641 561 544 283 682 162 585 911 525 491 570 252 465 552 496 637 727 568 299 917 688 488 603 539 280 752 626 2013 
572 526 235 800 465 769 431 551 402 576 480 556 178 423 252 840 408 487 0 748 289 288 466 679 478 289 265 400 385 493 563 494 433 384 406 459 572 532 351 756 495 77 735 415 587 231 403 48 233 323 481 257 500 672 40 622 158 323 335 222 2116 
323 822 708 1096 417 756 874 311 628 248 869 384 811 415 537 243 811 572 689 0 555 522 968 655 886 555 749 432 433 748 412 332 935 511 398 331 284 519 528 291 812 759 60 407 258 551 389 736 692 623 275 561 818 361 729 277 735 704 777 703 1751 
444 547 391 822 283 587 567 412 220 394 563 530 403 241 58 674 537 559 280 565 0 24 662 497 580 0 433 323 269 474 558 312 629 237 223 277 391 350 330 722 538 318 553 233 405 142 218 302 389 350 299 153 544 490 306 440 284 397 496 378 1946 
459 523 367 797 298 600 582 427 234 409 577 546 378 227 33 688 513 574 293 580 92 0 662 512 595 92 409 338 284 450 573 326 629 213 210 292 405 365 344 737 513 293 568 219 420 129 217 277 364 325 313 167 519 504 282 454 259 412 471 353 1955 
611 795 550 1069 656 960 182 590 585 665 253 578 501 620 530 867 676 510 371 917 573 513 0 870 201 573 533 551 536 771 586 685 145 687 603 650 697 723 494 780 763 417 905 612 666 514 593 400 547 637 672 425 769 863 401 813 468 349 604 537 2205 
798 662 609 930 398 331 921 766 573 738 916 874 715 336 453 811 712 913 633 692 469 466 1016 0 933 469 650 676 623 649 902 429 982 412 319 417 744 266 683 857 711 684 690 328 748 495 310 663 593 524 416 506 719 493 664 547 653 751 678 604 1689 
536 811 574 1085 694 998 58 515 623 590 93 504 517 658 567 792 693 435 409 843 610 551 88 907 0 610 550 504 562 787 511 723 51 710 641 688 622 761 509 705 780 438 831 650 591 551 631 424 571 661 710 462 785 901 425 851 504 343 620 561 2133 
444 547 391 822 283 587 567 412 220 394 563 530 403 241 58 674 537 559 280 565 0 24 662 497 580 0 433 323 269 474 558 312 629 237 223 277 391 350 330 722 538 318 553 233 405 142 218 302 389 350 299 153 544 490 306 440 284 397 496 378 1946 
791 261 146 536 460 676 518 759 567 742 589 832 190 304 379 893 143 764 313 774 394 419 553 633 574 394 0 660 617 238 840 478 521 224 321 466 738 501 624 942 230 295 772 310 752 396 338 285 143 202 465 455 236 656 290 606 281 600 70 136 1913 
172 831 564 1106 482 786 489 151 271 226 484 287 561 446 348 574 749 241 383 467 405 330 584 696 501 405 606 0 77 758 315 463 550 521 429 393 219 549 121 561 821 460 454 438 228 363 420 431 561 633 418 213 827 589 423 504 464 319 676 551 1988 
255 780 552 1054 431 735 524 234 220 263 520 370 548 395 296 569 737 326 371 460 354 279 619 645 537 354 594 84 0 707 398 452 585 470 377 382 234 497 184 617 770 448 448 387 274 311 368 418 549 582 407 200 776 577 410 493 452 354 664 538 2047 
737 155 187 430 367 492 620 706 513 687 690 824 294 210 285 799 298 848 405 681 300 325 655 449 675 300 228 616 563 0 852 385 622 130 227 372 684 331 621 848 216 387 679 217 698 355 245 376 171 103 371 444 288 562 381 513 373 683 265 182 1722 
200 992 848 1266 610 926 674 188 548 183 669 99 843 586 625 459 981 312 665 394 677 607 769 836 687 677 893 328 329 918 0 549 735 682 569 494 227 689 386 372 982 742 382 579 194 640 560 713 840 794 492 515 988 579 705 494 753 504 947 837 1800 
493 576 463 851 132 504 740 471 392 418 735 554 569 170 298 498 566 708 453 379 315 286 835 389 753 315 503 472 442 503 582 0 801 266 153 106 447 268 503 547 567 521 377 162 429 314 144 500 447 378 86 325 573 178 493 128 497 570 532 458 1845 
588 762 525 1036 645 949 75 567 574 642 144 556 469 609 519 843 644 487 360 895 561 502 37 859 55 561 501 536 525 738 563 674 0 661 591 638 674 712 483 756 731 389 882 601 643 503 582 375 522 612 660 414 736 852 376 802 455 338 571 511 2184 
607 310 196 584 236 452 629 575 383 557 699 693 302 80 154 669 299 719 394 550 170 195 664 409 684 170 237 486 432 237 721 254 631 0 97 242 554 277 490 718 300 389 548 87 568 225 114 372 180 112 241 313 306 432 377 382 355 558 266 191 1776 
528 423 310 698 139 417 651 496 303 478 646 614 416 17 146 572 413 643 363 453 162 185 736 339 663 162 350 407 353 350 642 157 702 113 0 145 474 192 413 621 414 380 451 9 488 214 17 364 294 225 144 236 420 335 368 285 346 481 379 305 1780 
479 576 463 850 172 511 722 451 374 403 717 540 565 170 285 514 565 689 435 395 306 267 817 421 734 306 503 447 424 503 568 112 783 266 153 0 429 274 484 562 567 505 393 162 414 296 143 482 446 378 63 307 572 289 475 240 481 552 532 457 1869 
100 916 731 1191 546 860 642 68 401 67 637 203 727 520 477 456 895 361 549 348 536 460 737 770 655 536 773 180 181 843 231 498 703 606 503 428 0 623 281 477 907 627 336 512 78 493 494 598 728 719 444 379 913 532 590 448 631 472 835 717 1904 
701 680 566 954 337 419 860 690 513 627 855 763 673 276 405 699 669 852 573 581 421 405 955 252 873 421 607 616 562 607 790 368 921 370 259 356 662 0 623 746 671 633 579 268 637 434 249 613 550 482 355 445 676 381 612 484 605 690 636 561 1776 
262 842 539 1117 510 814 368 241 328 316 364 378 521 474 379 674 724 338 343 566 417 367 463 724 381 417 581 114 177 773 405 539 429 537 457 493 319 577 0 633 811 420 553 466 317 358 447 391 536 627 512 193 817 688 383 604 439 198 651 526 2061 
454 999 886 1273 595 934 814 442 802 422 809 408 973 593 715 117 989 635 812 269 732 700 909 833 827 732 926 581 583 926 425 510 875 689 576 509 460 697 569 0 990 889 218 585 433 728 567 860 870 801 453 724 996 540 852 455 890 644 955 881 1920 
911 73 362 348 540 673 738 879 686 861 809 997 342 384 458 973 169 980 521 854 474 499 773 630 794 474 236 790 736 218 1025 558 741 304 401 546 857 512 794 1022 0 484 852 391 872 528 418 473 346 277 545 617 74 736 478 686 502 819 174 354 1725 
572 484 181 759 411 715 452 540 348 522 521 618 200 369 197 802 366 549 100 693 235 233 487 625 508 235 223 440 397 440 624 440 455 330 352 405 518 478 404 818 453 0 681 361 533 176 348 99 178 268 427 235 459 618 104 568 81 385 293 168 2067 
338 837 723 1111 433 772 889 326 644 263 885 399 826 431 552 183 826 587 705 51 570 537 984 670 902 570 764 447 449 763 427 347 950 527 413 346 299 535 543 232 827 775 0 423 274 566 404 752 707 639 291 577 833 377 744 292 750 719 792 718 1802 
538 414 300 688 149 407 661 506 313 488 656 624 407 8 137 582 403 653 365 463 152 177 733 343 673 152 341 417 363 341 652 167 699 104 10 155 484 196 423 631 405 371 462 0 499 207 27 355 284 216 154 246 410 345 360 295 337 491 370 296 1773 
64 913 740 1188 532 848 615 53 412 105 611 125 733 509 488 424 902 313 555 316 547 471 710 758 628 547 781 191 193 840 153 470 676 603 491 416 148 611 277 398 904 632 303 500 0 504 482 603 737 716 414 390 910 500 595 415 639 445 846 726 1826 
440 631 378 906 279 583 503 408 216 390 499 527 383 243 154 670 563 503 216 562 209 137 598 493 516 209 420 297 266 558 554 308 565 321 226 273 387 346 266 718 621 292 549 235 401 0 217 264 375 434 295 89 627 486 256 437 270 333 490 365 1942 
512 433 319 707 122 420 635 480 288 462 630 598 425 26 155 555 422 627 348 436 171 180 730 336 648 171 360 391 337 359 626 140 696 122 9 127 458 189 397 603 423 390 434 19 473 209 0 369 303 235 127 220 429 318 370 268 355 465 388 314 1781 
598 478 188 752 440 744 382 569 377 551 453 579 130 398 227 831 360 511 47 722 264 262 418 654 438 264 217 447 421 445 586 469 385 336 381 434 547 507 399 780 447 29 710 390 562 206 378 0 185 275 456 264 453 647 5 597 110 350 287 174 2074 
712 335 16 609 387 603 517 680 487 662 587 753 185 232 306 820 270 684 233 702 321 346 552 560 572 321 127 580 537 261 760 406 519 151 248 393 658 429 544 869 325 216 700 238 673 316 266 205 0 90 392 375 331 583 210 533 202 521 197 11 1911 
669 245 84 519 297 513 517 636 444 618 588 755 191 141 216 731 234 752 302 612 232 256 552 470 572 232 125 547 494 172 782 315 520 61 159 303 615 339 552 779 235 284 610 148 629 286 175 273 68 0 302 375 241 493 279 443 270 589 175 79 1821 
447 579 465 853 175 514 743 425 395 372 738 508 572 173 300 451 569 666 456 332 318 288 837 424 755 318 506 426 424 506 536 95 804 269 155 56 401 277 503 500 570 524 330 165 382 317 146 502 449 381 0 328 575 273 496 223 499 573 535 461 1872 
383 654 382 928 317 621 510 362 200 374 506 498 388 281 186 654 567 452 223 546 224 174 605 531 523 224 424 211 196 581 525 346 571 344 264 311 371 384 177 703 642 297 533 273 385 166 255 271 379 456 333 0 648 524 263 474 274 340 494 368 1979 
849 95 299 370 478 611 731 817 625 799 802 936 351 322 397 911 192 960 516 792 412 437 767 567 787 412 250 728 674 163 963 496 734 242 339 484 796 449 733 960 155 492 791 329 810 467 356 481 283 214 483 555 0 674 486 624 485 795 198 294 1747 
408 801 688 1076 369 541 954 397 634 334 949 470 794 397 526 407 791 658 694 288 542 527 1049 381 966 542 728 518 519 728 497 299 1015 491 380 381 369 327 613 455 792 755 286 389 344 556 371 734 671 603 325 567 797 0 734 198 726 784 757 683 1778 
601 486 196 760 448 752 390 576 384 559 461 582 138 406 234 838 368 513 42 730 272 270 426 662 446 272 225 442 425 453 589 477 393 344 388 442 555 515 394 782 455 37 717 398 570 213 385 8 193 283 464 273 460 655 0 605 118 352 295 182 2082 
385 681 568 956 225 560 834 372 498 310 829 447 674 275 403 381 671 620 558 262 420 391 928 401 846 420 608 387 388 608 474 115 895 371 258 191 346 346 487 429 672 626 260 267 321 419 249 605 552 483 135 430 678 84 598 0 602 664 637 563 1797 
606 467 177 741 445 749 372 574 381 556 442 597 119 400 231 835 349 528 65 727 269 267 407 659 427 269 206 465 431 435 604 474 374 325 386 439 552 512 416 797 436 34 714 395 567 211 382 17 174 264 461 270 442 652 22 602 0 367 276 163 2069 
494 923 679 1197 786 1090 170 474 712 549 165 462 629 750 660 750 805 394 500 802 703 644 265 1000 182 703 662 462 525 899 469 815 231 816 733 780 581 853 468 663 892 546 789 742 550 644 724 529 676 766 802 555 897 985 529 901 596 0 732 665 2091 
816 207 192 481 445 660 564 784 591 766 635 874 168 289 363 878 73 806 346 759 379 404 599 617 620 379 62 694 641 185 882 463 567 209 306 451 762 486 670 926 198 310 757 295 777 431 323 299 189 188 449 501 203 640 304 591 327 645 0 182 1858 
701 345 13 620 398 614 511 668 476 651 582 742 174 242 316 831 269 673 222 712 332 357 546 571 567 332 126 569 526 272 749 416 514 162 259 404 646 440 533 880 336 204 710 249 661 305 276 194 11 100 403 364 342 594 199 544 191 510 196 0 1922 
1968 1802 2050 1864 1891 1770 2322 1956 2086 1951 2323 1941 2156 1849 1951 2012 2031 2149 2147 1946 1967 1979 2395 1795 2340 1967 2087 2084 2056 1992 1969 1885 2362 1869 1832 1900 1994 1779 2083 1925 1870 2186 1944 1841 1962 2008 1823 2169 2033 1965 1881 2019 1944 1938 2173 1857 2151 2158 2036 2045 0 
# max. deviation of (average) travel time matrix between customers (incl. depot as last customer) [int** t_travel_maxDev]
0 64 18 44 32 61 68 0 6 0 75 6 10 42 5 12 63 15 10 13 5 6 71 53 67 5 37 7 7 88 6 33 69 58 39 27 0 49 17 9 64 10 10 40 0 6 39 10 18 74 19 6 68 22 10 21 17 48 48 18 47 
30 0 9 14 27 23 31 30 25 32 39 36 4 14 18 44 11 33 15 42 17 17 29 18 31 17 7 26 24 17 36 32 29 8 15 32 31 45 22 44 4 7 44 14 32 19 23 5 8 7 37 17 7 34 5 34 13 35 12 9 133 
29 7 0 21 15 39 26 30 24 31 34 47 8 11 7 31 8 39 13 30 9 9 24 33 25 9 4 15 23 29 48 21 23 15 10 20 30 13 15 31 11 9 32 11 31 7 11 10 0 12 25 8 9 22 10 22 6 39 6 0 84 
32 1 10 0 28 12 33 32 26 34 42 37 7 16 20 46 12 35 24 44 19 18 31 16 32 19 10 27 25 18 38 34 30 9 16 33 32 47 23 45 6 16 45 15 34 20 25 14 10 9 38 18 7 35 14 35 14 36 11 11 132 
16 41 51 26 0 21 43 15 14 20 49 29 54 7 16 29 45 23 17 27 18 14 45 14 41 18 54 14 14 64 28 6 43 34 4 6 16 10 18 29 41 32 27 5 19 12 4 24 51 51 7 17 45 8 16 7 42 22 55 51 101 
33 34 40 21 22 0 60 33 28 35 67 38 44 20 22 37 35 41 34 36 21 26 62 15 58 21 44 28 27 54 39 26 61 28 22 25 34 21 31 37 25 41 37 21 35 28 22 41 40 40 30 27 23 35 39 23 41 40 44 40 57 
31 77 57 57 35 55 0 32 15 31 8 38 59 37 20 40 89 30 19 39 20 20 2 48 4 20 83 32 17 86 38 35 2 48 35 28 32 44 17 39 77 58 35 34 32 21 34 52 57 70 32 21 82 36 43 35 25 28 87 57 81 
0 64 18 44 33 61 77 0 6 1 83 7 12 42 5 13 64 15 12 15 6 6 80 54 75 6 37 7 7 88 7 33 78 58 39 27 0 49 20 9 64 12 12 40 0 6 39 12 18 74 19 6 68 17 11 16 17 57 48 18 47 
11 22 28 36 13 33 34 12 0 13 40 17 19 15 4 12 25 29 12 16 3 3 36 26 32 3 47 7 6 40 18 12 35 10 12 5 12 22 8 12 25 13 12 12 14 5 11 15 29 26 9 8 23 14 12 13 26 13 52 28 100 
1 67 20 47 18 44 78 1 7 0 85 9 17 25 6 13 69 16 15 15 6 6 80 37 77 6 40 8 7 91 8 26 79 61 22 10 0 32 22 12 67 17 12 23 0 7 23 15 20 77 23 6 72 17 15 16 19 58 49 20 46 
21 78 58 58 36 56 4 21 16 22 0 25 60 38 21 28 90 17 20 38 21 21 6 49 4 21 84 21 21 87 26 35 6 49 36 29 21 45 33 27 78 59 34 35 21 22 35 53 58 71 33 21 83 37 44 36 26 19 88 58 68 
5 74 68 53 25 51 84 5 10 7 92 0 66 32 15 5 82 19 63 22 21 15 87 44 83 21 85 13 13 98 0 33 86 68 29 17 6 39 39 4 74 66 19 30 7 23 29 64 73 84 29 23 78 24 64 23 62 64 103 65 45 
28 8 3 19 17 41 22 28 23 30 30 37 0 13 5 29 17 29 2 32 5 5 20 37 20 5 16 13 21 17 38 21 19 18 13 19 28 14 16 38 8 3 28 13 30 5 12 2 3 16 25 6 13 23 2 23 5 34 20 3 145 
22 43 53 23 12 30 49 22 17 24 56 28 57 0 10 29 47 31 19 28 12 12 31 15 48 12 57 18 16 67 28 18 30 37 0 17 23 8 21 29 43 35 29 0 24 10 9 36 53 53 22 16 48 19 36 19 36 29 57 53 92 
19 17 27 30 8 23 32 19 13 21 39 24 24 2 0 20 21 15 18 22 0 2 31 21 31 0 46 15 13 37 25 8 30 7 2 8 20 16 9 19 20 25 20 2 21 1 10 26 27 23 12 7 18 10 25 10 25 12 34 27 102 
23 90 100 70 48 67 79 22 40 23 82 18 98 46 42 0 94 40 42 3 48 40 80 37 76 48 104 18 18 114 12 30 78 84 44 26 22 56 50 2 90 49 4 44 23 39 44 42 100 100 27 44 95 21 41 20 69 82 105 100 40 
37 8 4 22 34 29 24 37 32 39 33 42 2 21 25 51 0 35 4 49 24 24 23 23 23 24 3 33 31 21 48 39 22 15 22 39 38 34 28 50 4 4 51 21 39 26 30 5 5 14 44 23 2 40 5 41 8 40 5 5 142 
3 42 37 56 23 43 62 3 10 5 68 15 43 24 20 19 48 0 41 20 16 24 64 36 60 16 43 3 3 45 15 13 63 20 22 11 3 31 15 18 42 44 17 22 4 16 21 42 37 35 15 16 41 22 41 21 36 41 46 37 47 
18 9 5 22 18 19 23 18 24 32 53 50 2 9 7 46 22 43 0 34 7 7 22 21 31 7 15 6 5 27 51 23 21 15 10 21 31 23 14 52 10 3 30 11 32 6 18 0 4 13 27 5 14 25 0 25 8 43 19 5 117 
6 74 84 54 32 52 82 6 24 7 89 16 82 31 26 3 79 22 26 0 32 24 85 22 81 32 88 7 7 99 15 14 83 68 28 11 5 40 29 4 74 33 0 29 7 23 28 27 84 85 11 28 78 6 26 4 54 61 89 85 43 
6 17 28 31 25 45 33 6 8 9 39 18 26 12 0 22 21 15 11 24 0 0 35 38 31 0 47 8 10 37 18 24 33 7 10 16 6 33 13 23 20 26 21 10 9 7 18 26 28 23 21 12 18 25 24 25 26 12 35 28 95 
5 17 27 31 25 42 32 5 10 9 39 18 26 2 0 23 21 15 13 24 0 0 25 38 30 0 47 9 10 37 18 23 24 7 2 17 6 33 14 23 21 26 21 2 9 1 10 26 28 23 20 13 18 25 26 24 26 12 35 28 100 
26 59 25 39 17 37 5 27 10 26 13 33 41 19 10 35 72 25 6 34 4 12 0 30 2 4 66 6 5 68 33 16 1 15 16 9 26 25 21 34 60 32 29 16 27 4 16 20 25 38 15 5 64 18 11 17 10 31 69 24 78 
24 46 55 33 13 14 51 24 19 32 58 36 60 12 27 32 50 32 26 30 29 17 53 0 50 29 59 20 18 70 37 17 52 40 13 16 24 12 23 34 48 45 32 13 33 19 13 37 55 56 21 20 49 18 28 14 53 30 60 56 97 
20 79 59 59 37 58 2 20 17 21 4 24 62 39 23 27 91 17 22 36 22 22 0 51 0 22 85 19 23 88 25 36 0 50 36 29 20 46 33 26 79 60 33 37 20 24 36 55 60 72 34 23 84 38 45 38 28 18 89 59 67 
6 17 28 31 25 45 33 6 8 9 39 18 26 12 0 22 21 15 11 24 0 0 35 38 31 0 47 8 10 37 18 24 33 7 10 16 6 33 13 23 20 26 21 10 9 7 18 26 28 23 21 12 18 25 24 25 26 12 35 28 95 
31 11 2 24 29 28 22 31 25 32 30 48 3 17 20 47 6 40 14 45 20 19 20 23 21 20 0 15 24 9 48 35 19 10 17 34 31 28 15 46 13 9 46 17 33 7 26 10 2 7 39 8 10 36 10 36 7 40 4 2 144 
11 24 10 37 14 34 67 11 7 11 74 14 10 15 5 15 36 22 7 16 6 5 69 27 66 6 30 0 0 40 15 12 68 10 12 10 4 22 17 15 27 11 13 13 11 7 12 8 11 27 14 2 24 10 8 10 9 46 34 10 57 
8 23 9 37 14 34 33 8 6 6 39 14 12 15 4 10 35 22 9 13 5 4 35 27 31 5 28 1 0 41 13 11 34 10 13 9 4 23 17 11 27 12 9 13 6 6 13 10 9 27 13 4 24 10 10 10 7 13 32 9 78 
23 2 2 15 19 26 24 23 17 25 33 28 5 7 11 37 17 26 15 35 10 10 23 21 24 10 5 19 16 0 29 25 22 2 8 25 23 39 14 37 6 11 36 7 25 11 16 12 2 1 30 9 10 27 12 26 8 27 5 3 91 
6 74 54 54 26 52 77 6 11 8 84 5 44 33 11 8 79 18 42 22 18 12 79 45 75 18 71 13 13 99 0 33 78 68 30 18 6 40 30 8 75 45 19 30 8 11 30 42 60 84 30 24 79 24 42 23 48 57 89 52 44 
15 57 67 36 1 23 43 26 17 14 50 23 71 14 21 20 61 49 18 18 25 16 46 7 41 25 71 36 17 81 22 0 45 51 11 1 22 11 21 20 57 27 18 11 14 16 10 19 67 67 4 20 61 1 18 1 48 23 71 67 95 
21 78 58 58 36 56 2 21 16 21 7 27 60 38 21 31 90 20 20 36 21 21 0 49 2 21 84 22 18 87 28 35 0 49 36 29 21 45 12 30 78 59 33 35 22 22 35 53 58 71 33 21 83 37 44 36 27 21 88 58 71 
22 17 16 31 18 23 29 22 16 24 38 27 20 6 10 36 21 24 19 34 9 8 27 17 28 9 20 17 15 30 28 24 27 0 7 23 22 17 13 35 20 17 36 6 24 10 15 18 16 16 28 8 18 25 18 25 17 21 20 17 86 
21 46 56 25 11 32 48 21 16 23 55 27 60 3 13 29 50 30 24 27 14 11 35 13 47 14 60 17 15 70 27 17 35 40 0 16 22 9 20 28 46 38 29 0 24 10 8 38 55 56 21 15 50 18 37 18 39 28 60 56 93 
15 55 65 35 13 33 37 11 11 16 44 25 60 12 10 17 60 32 12 16 13 11 39 26 36 13 69 11 12 79 24 3 38 49 9 0 11 21 16 18 55 19 15 9 16 10 9 13 66 65 0 14 60 5 12 4 40 17 69 66 106 
0 57 10 37 23 51 76 0 9 0 83 9 13 33 8 13 53 15 11 14 8 8 79 44 74 8 26 3 3 81 9 24 78 51 30 18 0 39 20 11 57 13 11 30 0 9 29 11 10 67 19 5 61 16 10 15 8 56 38 10 47 
24 58 68 38 11 21 49 23 25 23 56 32 72 19 29 23 63 32 27 21 30 26 51 6 47 30 72 25 27 82 32 20 50 52 16 18 24 0 30 24 58 44 21 16 23 25 16 35 68 68 19 29 62 8 28 14 55 28 72 69 98 
5 23 19 35 24 44 49 5 9 7 55 17 14 26 8 18 35 15 12 20 8 12 51 37 47 8 29 3 2 47 17 23 50 16 23 12 7 32 0 26 24 15 17 23 6 11 23 13 19 22 21 3 27 12 12 12 17 29 33 18 67 
37 89 99 69 47 67 76 37 42 25 82 16 99 46 40 0 93 48 82 2 47 39 77 36 73 47 103 45 44 113 11 29 77 83 43 26 22 55 70 0 89 82 2 43 25 38 42 82 99 99 26 58 93 20 82 19 91 80 103 99 46 
32 5 10 18 29 20 30 33 27 34 38 38 6 16 20 46 8 40 8 45 19 19 28 14 29 19 8 28 26 19 39 35 27 10 17 34 33 47 24 46 0 9 46 16 34 21 26 8 10 9 39 19 2 36 8 36 12 45 9 12 138 
31 12 7 23 18 19 28 31 25 33 38 43 6 10 9 31 24 36 14 35 8 8 26 21 27 8 18 16 24 27 45 24 25 13 11 22 32 23 16 46 12 0 31 11 33 7 20 5 7 11 28 9 16 25 5 25 5 36 22 6 114 
22 89 99 69 47 66 78 22 39 22 84 32 97 45 41 4 94 38 41 1 47 39 80 36 76 47 103 18 17 114 31 29 79 83 43 26 21 55 26 4 90 48 0 43 22 38 43 41 99 99 26 43 94 20 41 20 69 58 104 100 44 
22 45 56 25 12 32 49 22 17 24 56 28 59 2 12 30 50 31 17 28 14 14 28 13 48 14 59 18 16 69 28 18 29 39 1 17 23 9 21 29 45 37 29 0 24 12 9 38 56 56 22 16 50 19 38 19 38 29 60 55 90 
1 67 19 47 18 44 78 0 7 2 84 9 16 25 6 14 68 16 15 15 6 6 80 37 76 6 40 8 6 91 9 26 79 61 23 11 4 33 21 12 67 17 12 23 0 7 22 15 20 77 22 6 71 17 15 16 19 58 49 20 46 
23 32 31 46 10 20 31 23 17 25 37 28 17 10 16 23 57 21 6 27 9 16 33 14 29 9 51 6 16 33 29 16 31 15 11 14 23 16 8 23 33 9 23 11 25 0 11 6 32 20 20 7 31 17 6 17 30 10 55 31 112 
16 46 56 26 3 25 43 16 10 18 50 21 60 3 13 20 51 24 17 18 15 9 45 12 41 15 60 11 10 71 22 9 44 40 0 9 17 8 15 20 46 38 20 0 18 11 0 32 56 56 13 10 50 10 22 10 39 23 61 57 101 
36 9 3 21 20 21 23 33 27 35 32 35 1 12 10 33 22 27 1 38 10 10 21 24 22 10 15 7 17 27 36 26 20 16 13 24 34 26 14 37 10 2 33 13 35 9 21 0 4 13 30 11 14 27 0 28 7 33 19 4 111 
30 7 0 21 15 38 26 30 25 32 35 47 7 10 7 32 9 40 13 30 9 9 24 33 26 9 4 15 23 29 48 20 24 15 10 20 31 13 15 32 11 9 31 10 32 7 11 10 0 12 25 8 9 22 10 22 6 39 6 1 85 
21 10 2 24 18 26 24 22 16 24 32 26 4 6 9 35 15 41 14 33 8 8 22 20 23 8 4 17 14 16 28 24 21 2 6 23 22 16 12 35 14 9 35 6 24 10 15 10 1 0 28 7 12 25 9 25 6 41 4 2 88 
11 63 73 43 20 40 42 22 22 10 49 19 76 19 27 17 67 56 24 15 31 22 45 33 41 31 77 36 29 87 18 8 43 57 17 0 18 28 22 17 62 33 15 17 11 21 17 25 73 73 0 26 67 10 23 9 54 24 77 73 102 
12 20 30 33 22 42 33 12 1 8 39 15 18 23 6 15 56 23 7 16 6 8 35 35 31 6 50 3 3 44 16 21 34 14 20 14 6 30 5 15 23 13 13 21 8 7 20 8 31 30 18 0 27 23 8 22 30 12 54 31 104 
27 4 6 17 23 27 28 27 21 29 37 31 6 11 14 41 5 30 17 39 14 13 26 22 27 14 4 22 20 13 33 29 26 5 12 28 27 42 17 40 8 9 40 11 29 15 20 10 5 4 33 13 0 30 10 30 9 31 6 6 137 
27 49 59 47 19 14 94 26 34 27 101 36 63 27 25 26 54 42 41 25 24 32 96 21 93 24 63 23 22 73 36 14 95 43 28 9 26 27 39 27 49 35 25 28 27 34 28 35 60 60 9 33 54 0 41 7 46 74 64 59 48 
32 9 4 21 21 22 24 34 28 35 32 35 1 12 11 34 22 27 1 38 10 11 21 24 22 10 15 7 8 28 35 26 21 16 14 24 34 26 14 37 10 2 34 14 35 10 22 0 4 13 30 11 15 28 0 28 7 33 20 4 111 
22 67 77 46 2 16 60 18 26 22 67 31 81 24 31 19 71 44 28 18 35 26 63 21 59 35 81 38 38 91 31 0 61 61 21 7 21 26 55 20 67 37 17 22 22 26 20 29 77 78 7 30 71 1 28 0 58 40 82 77 48 
32 9 3 20 20 21 22 32 27 34 31 35 0 11 10 33 21 28 0 37 9 10 20 23 21 9 15 7 25 26 36 25 20 15 13 24 33 25 15 37 9 1 33 13 34 8 21 0 3 12 29 10 13 27 0 27 0 33 19 3 104 
25 73 38 53 32 52 20 25 31 24 27 31 55 34 28 34 85 23 23 33 22 29 22 45 19 22 79 25 25 82 32 31 21 31 31 27 25 41 39 33 73 46 30 31 25 22 30 34 39 52 33 23 78 36 26 34 28 0 83 39 74 
30 9 0 23 27 30 20 30 25 32 28 38 4 14 18 44 2 30 6 42 17 17 18 25 19 17 1 25 24 18 38 32 17 8 15 32 31 26 13 44 12 6 44 15 32 16 23 7 1 7 37 9 10 35 7 34 8 35 0 0 143 
29 8 0 21 15 38 27 30 24 31 35 46 7 11 8 32 8 39 12 30 9 9 25 33 25 9 4 14 22 29 47 21 24 15 10 20 30 13 14 31 11 9 32 10 32 6 12 10 0 13 25 8 9 22 10 22 6 38 6 0 84 
175 388 388 380 326 359 220 175 381 177 208 173 392 375 373 153 377 186 383 193 375 381 243 356 212 375 387 194 222 388 172 262 241 375 372 316 176 366 208 153 379 398 193 372 177 380 371 399 388 388 279 385 373 178 396 175 400 218 376 388 0 
# indicator whether saturdays count as workdays (stored as 1 or 0 for "TRUE" or "FALSE", resp.) [SCIP_Bool workOnSaturdays]
0
# start date of planning period (stored as 4 integers: day, month, year, weekday) [date* startDate]
9 11 2020 0
# end date of planning period (stored as 4 integers: day, month, year, weekday) [date* endDate]
27 11 2020 4
# maximal number of delay events considered (in robust optimization) [int maxDelayEvents]
10
# number of workdays in planning period [int nDays]
5
# day properties (stored as 6 integers: index, shift_start, shift_end, break_start, break_end, break_length) [dayProperty* days]
0 21600 79200 39600 54000 1800
1 21600 79200 39600 54000 1800
2 21600 79200 39600 54000 1800
3 21600 79200 39600 54000 1800
4 21600 79200 39600 54000 1800
# day sizes (day, number of available customers on that day) [int* day_sizes]
0 39
1 36
2 36
3 33
4 36
# list of neighbor nodes of customers for each day in planning period [neighbor*** neighbors]
0 2 17 18 7 9 30 42 57 54 41 26 44 35 45 13 53 10 29 16 36 50 14 31 33 58 40 27 28 12 32 11 20 4 59 48 5 60 
0 3 28 11 37 40 38 15 2 26 22 36 30 8 13 10 24 59 18 49 23 9 45 25 34 54 6 27 21 57 3 60 
0 4 55 53 5 50 24 9 21 14 45 16 17 20 48 7 42 46 43 47 56 33 12 60 
1 0 33 32 19 54 36 44 17 39 2 14 56 53 38 30 40 52 16 34 23 8 6 42 7 15 60 
1 1 46 29 13 51 5 3 34 20 4 8 32 58 43 41 55 27 38 10 60 
1 4 59 28 25 31 51 5 55 53 19 37 50 24 39 16 14 21 45 9 0 48 20 17 33 43 12 46 47 56 42 7 60 
2 0 33 32 19 54 36 44 17 39 56 14 1 38 53 30 34 16 40 52 8 6 23 7 42 15 60 
2 3 40 37 28 11 26 38 22 0 15 59 13 8 24 10 36 30 49 18 23 54 34 45 25 6 9 21 57 27 3 60 
2 4 59 35 28 3 25 1 51 31 55 53 5 19 50 37 24 39 16 14 45 21 9 0 48 20 17 33 12 56 47 43 46 7 42 60 
3 1 46 29 13 51 5 1 34 20 4 8 32 58 43 41 55 27 38 10 60 
3 3 18 23 34 45 21 27 57 60 
3 4 59 2 35 28 1 25 31 51 5 55 53 19 37 50 24 39 16 14 21 45 9 0 48 20 17 33 43 12 46 47 56 42 7 60 
4 0 26 46 31 43 47 12 22 55 33 18 19 32 35 49 54 44 36 39 17 14 53 2 38 56 1 30 34 23 8 42 40 16 52 7 15 6 60 
4 1 46 13 51 5 29 34 20 8 1 32 3 43 55 27 38 41 58 10 60 
4 2 31 50 40 28 27 20 11 5 48 59 60 
5 1 23 24 46 50 13 51 48 29 11 34 4 20 1 8 3 32 43 55 27 58 41 38 10 60 
5 2 27 20 48 59 60 
5 4 59 28 31 25 51 55 1 53 19 37 50 39 24 14 21 45 16 9 0 20 48 17 46 43 33 56 47 12 42 7 60 
6 0 54 17 44 39 38 30 1 53 7 8 34 16 40 52 15 42 23 60 
6 1 22 25 44 49 37 21 52 24 39 23 47 46 50 15 19 51 11 48 13 29 5 32 20 8 34 4 1 3 10 41 38 27 43 58 55 60 
6 3 36 18 23 54 45 25 9 34 57 21 27 3 60 
7 0 44 17 39 54 30 38 53 1 42 8 15 34 6 23 16 40 52 60 
7 2 0 18 9 30 42 57 54 41 26 44 35 45 13 53 10 29 16 36 50 14 31 33 58 40 27 28 12 32 11 20 4 59 48 5 60 
7 4 0 9 14 16 20 42 46 43 47 56 33 12 60 
8 0 44 54 17 39 38 30 53 1 34 7 42 23 15 6 16 40 52 60 
8 1 46 51 13 29 5 20 34 4 1 32 3 27 38 43 41 55 10 58 60 
8 3 28 37 0 2 26 22 13 36 30 59 10 24 18 49 23 45 25 34 9 54 6 21 27 57 3 60 
9 2 0 18 7 30 42 57 54 41 26 44 35 45 53 13 10 29 16 36 50 14 31 33 58 40 27 28 12 32 11 4 20 59 48 5 60 
9 3 36 18 23 45 34 25 54 6 27 21 57 3 60 
9 4 55 53 5 50 24 0 21 14 45 16 17 20 48 7 42 46 43 47 56 33 12 60 
10 1 51 13 5 32 20 8 34 4 3 27 38 41 43 58 55 60 
10 2 18 7 41 9 26 44 45 13 35 16 29 53 14 36 58 50 31 33 40 32 27 28 12 11 20 4 59 48 5 60 
10 3 28 37 22 0 2 26 24 30 36 59 8 13 18 49 23 6 54 9 45 25 34 57 27 21 3 60 
11 1 24 23 50 46 51 13 48 5 29 8 34 4 20 32 1 3 27 38 55 43 10 41 58 60 
11 2 50 31 40 27 28 4 20 59 48 5 60 
11 3 28 37 56 58 40 0 15 38 22 2 26 30 36 8 13 10 24 59 18 49 23 9 34 45 25 6 54 27 57 21 3 60 
12 0 4 47 43 22 31 18 33 32 55 19 54 49 35 17 36 44 39 2 56 14 1 38 30 53 16 40 52 34 6 8 7 23 42 15 60 
12 2 16 13 58 40 50 31 36 32 28 27 20 4 11 59 48 5 60 
12 4 16 14 9 0 20 47 56 33 43 46 7 42 60 
13 1 23 24 46 50 51 48 29 5 11 34 20 4 8 1 3 32 43 55 41 58 27 38 10 60 
13 2 18 26 41 9 7 35 45 53 29 16 44 10 33 14 50 31 58 40 36 28 27 12 32 20 4 11 48 59 5 60 
13 3 37 28 2 26 0 22 8 59 36 30 10 24 49 23 18 34 25 45 54 9 6 21 27 57 3 60 
14 0 33 19 32 54 36 44 17 39 56 2 38 53 1 30 34 8 7 16 40 52 23 42 6 15 60 
14 2 26 7 13 35 29 16 33 50 31 36 58 40 28 12 27 32 20 4 11 59 48 5 60 
14 4 55 53 5 50 24 21 45 9 16 0 20 48 17 33 43 46 56 47 12 7 42 60 
15 0 39 44 17 54 53 30 38 1 42 7 34 8 23 6 40 16 52 60 
15 1 23 24 19 50 46 47 11 13 51 48 5 29 34 4 20 8 1 32 3 55 27 43 38 41 10 58 60 
15 3 11 28 37 40 0 38 2 26 22 36 30 13 8 59 10 24 23 49 18 9 34 45 25 54 6 27 21 57 3 60 
16 0 54 44 17 39 1 53 38 30 40 52 34 8 6 23 42 7 15 60 
16 2 18 26 41 9 7 29 13 45 35 53 10 44 40 58 33 14 50 31 36 12 32 28 27 20 4 11 59 48 5 60 
16 4 55 53 5 50 24 14 21 45 9 0 48 20 17 12 33 43 47 46 56 42 7 60 
17 0 47 43 22 12 18 19 32 33 44 36 54 35 39 49 38 30 14 56 2 53 1 7 8 42 6 34 15 23 16 40 52 60 
17 2 0 18 7 9 57 30 42 54 41 26 44 45 10 35 13 53 16 29 36 14 50 31 33 58 40 27 28 32 12 11 20 4 59 48 5 60 
17 4 24 0 9 21 14 16 20 48 7 42 47 46 56 43 33 12 60 
18 0 47 12 43 22 31 33 32 55 19 54 49 35 17 36 44 39 56 2 14 38 1 30 53 34 8 16 6 40 52 7 23 42 15 60 
18 2 17 0 54 41 26 57 7 9 30 42 45 16 13 35 29 10 44 53 14 58 33 40 50 31 36 12 28 27 32 20 4 11 59 48 5 60 
18 3 2 26 22 0 59 24 10 36 30 49 23 54 45 25 34 6 9 21 57 27 3 60 
19 0 31 43 47 12 22 55 33 18 32 44 36 39 35 17 49 54 53 30 38 14 56 2 1 42 15 7 34 8 23 40 16 52 6 60 
19 1 23 24 15 50 46 47 11 13 51 48 5 29 34 4 20 8 1 32 3 55 43 27 38 41 58 10 60 
19 4 59 28 55 31 53 25 51 5 1 50 39 37 24 9 0 21 14 45 16 20 17 48 42 7 46 43 33 47 56 12 60 
20 1 46 51 13 29 5 8 34 4 1 32 3 43 27 38 41 55 58 10 60 
20 2 50 31 40 28 27 4 11 59 48 5 60 
20 4 24 21 14 9 0 16 48 17 46 43 33 56 47 7 12 42 60 
21 1 25 37 6 22 52 23 24 39 46 47 50 19 15 51 13 48 29 11 5 20 34 8 4 1 32 3 43 41 27 38 55 58 10 60 
21 3 18 23 45 34 27 57 3 60 
21 4 55 53 5 50 24 14 45 9 0 16 20 48 17 33 43 46 56 47 12 7 42 60 
22 0 4 47 12 43 31 32 18 33 55 19 54 17 35 49 44 36 39 56 38 14 2 30 1 53 6 8 7 34 16 40 52 23 15 42 60 
22 1 6 25 49 44 37 21 52 24 39 23 47 46 50 15 19 51 48 11 13 29 5 32 20 8 34 4 1 3 10 41 38 27 43 58 55 60 
22 3 28 11 37 40 38 2 26 0 15 24 10 59 8 30 13 36 18 49 23 6 54 45 25 34 9 57 21 27 3 60 
23 0 54 44 39 17 53 38 1 30 34 8 42 40 16 52 7 15 6 60 
23 1 37 52 39 24 46 50 47 19 15 5 13 51 48 29 11 34 4 20 8 1 3 32 43 55 27 38 41 58 10 60 
23 3 2 26 0 22 59 36 30 10 24 49 18 34 25 45 54 9 6 21 27 57 3 60 
24 1 37 52 39 23 47 46 50 15 19 51 11 48 13 29 5 32 20 8 34 4 1 3 10 41 27 38 43 58 55 60 
24 3 28 37 22 0 2 26 10 30 59 8 36 13 18 49 23 6 54 45 9 25 34 57 27 21 3 60 
24 4 51 19 55 53 5 39 50 37 0 21 45 14 9 16 17 48 20 47 56 7 12 46 43 33 42 60 
25 1 49 37 44 6 22 21 52 23 24 39 46 50 47 19 15 51 13 48 29 11 5 20 8 34 4 1 32 3 43 27 38 41 55 58 10 60 
25 3 36 18 23 45 34 54 9 6 21 27 57 3 60 
25 4 59 28 51 31 55 53 1 19 5 50 37 24 39 21 14 45 9 0 16 20 48 17 46 43 33 56 47 7 12 42 60 
26 0 41 51 46 4 12 47 43 31 22 33 18 32 55 19 49 54 35 36 44 17 39 2 1 56 14 38 53 30 16 40 52 34 6 8 23 7 42 15 60 
26 2 18 0 54 41 57 9 7 42 30 16 29 13 45 35 10 53 44 58 33 40 14 50 31 36 12 32 28 27 20 4 11 59 48 5 60 
26 3 40 37 28 11 2 22 38 0 15 59 13 8 24 10 36 30 49 18 23 54 34 45 25 6 9 21 3 57 27 60 
27 1 51 13 5 8 20 34 4 32 3 38 43 41 55 10 58 60 
27 2 13 16 36 50 31 58 40 28 12 32 11 20 4 59 48 5 60 
27 3 18 23 45 34 21 57 3 60 
28 2 13 16 36 50 31 58 40 27 12 32 20 11 4 59 48 5 60 
28 3 11 56 37 58 40 38 0 2 15 26 22 8 36 13 30 59 10 24 18 49 23 9 45 25 34 54 6 27 21 57 3 60 
28 4 59 35 2 3 51 25 31 19 55 53 5 1 50 37 24 39 0 9 21 14 45 16 17 20 48 7 46 43 47 42 56 33 12 60 
29 1 23 24 46 50 48 13 51 5 11 1 34 20 4 3 8 32 43 58 41 55 27 38 10 60 
29 2 18 26 41 9 7 13 16 45 35 53 10 44 33 40 58 14 50 31 36 12 28 27 32 20 4 11 48 59 5 60 
29 3 40 58 37 56 28 11 2 26 38 22 0 15 59 13 8 24 36 10 30 49 18 23 34 25 45 54 6 9 21 3 27 57 60 
30 0 19 33 32 44 36 17 39 54 38 53 14 56 2 1 7 42 15 8 34 6 23 40 16 52 60 
30 2 0 18 9 7 42 57 54 41 26 44 35 53 13 45 10 29 16 36 50 31 14 33 58 40 27 28 32 12 11 4 20 59 48 5 60 
30 3 28 37 0 22 2 26 36 8 13 10 24 59 18 49 23 9 34 45 25 54 6 27 57 21 3 60 
31 0 4 43 47 12 22 55 33 19 18 32 35 44 49 36 54 39 17 53 14 38 2 56 30 1 34 42 23 8 7 15 40 16 52 6 60 
31 2 7 26 35 13 29 16 50 33 14 36 58 40 28 27 12 32 4 20 11 48 59 5 60 
31 4 59 28 55 53 25 51 19 5 1 50 37 39 24 21 14 45 9 0 16 20 48 17 46 43 33 42 7 47 56 12 60 
32 0 22 47 12 43 31 18 33 55 19 54 17 44 35 49 36 39 56 38 14 2 30 1 53 6 7 8 34 16 40 52 15 23 42 60 
32 1 46 51 13 29 5 20 8 34 4 1 3 10 41 38 27 43 58 55 60 
32 2 13 16 58 50 36 31 40 12 28 27 20 11 4 59 48 5 60 
33 0 43 31 12 47 22 55 18 19 32 49 35 54 36 44 17 39 14 2 1 56 53 38 30 34 16 40 52 8 23 42 7 6 15 60 
33 2 26 7 13 35 29 16 14 50 31 58 40 36 12 28 27 32 20 4 11 48 59 5 60 
33 4 14 16 9 0 20 43 46 12 56 47 42 7 60 
34 0 54 44 39 17 53 38 1 30 8 23 40 16 52 42 7 15 6 60 
34 1 46 13 51 29 5 4 20 8 1 3 32 43 55 41 27 38 58 10 60 
34 3 36 23 18 25 45 54 9 6 21 27 57 3 60 
35 0 43 47 12 22 33 19 18 32 44 36 49 54 39 17 53 14 38 56 2 30 1 34 8 42 23 7 15 40 16 52 6 60 
35 2 18 9 7 41 26 13 53 45 44 29 16 10 50 31 14 33 36 58 40 28 27 12 32 4 20 11 48 59 5 60 
35 4 59 28 2 3 31 55 53 25 51 19 5 1 50 37 39 24 21 14 45 9 0 16 20 48 17 46 43 33 42 7 47 56 12 60 
36 0 43 47 12 22 19 18 33 32 44 17 35 39 54 49 30 38 14 53 56 2 1 7 42 8 15 34 6 23 16 40 52 60 
36 2 7 26 35 13 29 16 50 14 31 33 58 40 27 28 12 32 11 20 4 59 48 5 60 
36 3 28 37 0 2 26 22 30 8 13 10 59 24 18 49 23 9 45 34 25 54 6 27 21 57 3 60 
37 1 25 49 44 6 22 21 52 23 39 24 46 50 19 47 15 13 5 51 48 29 11 34 4 20 8 1 32 3 43 55 27 38 41 58 10 60 
37 3 28 56 58 40 11 2 38 26 15 0 22 13 8 59 36 30 10 24 23 49 18 34 25 45 54 9 6 21 27 57 3 60 
37 4 53 5 51 55 19 50 39 24 21 14 45 9 0 16 20 48 17 46 43 33 42 47 56 7 12 60 
38 0 32 33 19 44 36 17 54 39 14 30 56 2 53 1 7 8 6 34 42 15 16 23 40 52 60 
38 1 51 13 5 8 20 32 34 4 3 27 10 41 43 55 58 60 
38 3 28 11 37 40 0 22 2 26 15 36 8 10 30 24 13 59 18 49 23 9 45 54 6 25 34 27 57 21 3 60 
39 0 43 47 22 12 19 33 18 32 44 36 35 17 49 54 30 53 38 14 56 2 1 15 42 7 34 8 23 6 40 16 52 60 
39 1 37 52 23 24 15 19 50 46 47 11 13 51 48 5 29 34 4 20 8 32 1 3 55 27 43 38 10 41 58 60 
39 4 19 55 53 51 5 50 37 24 9 0 21 14 45 16 17 20 48 42 7 46 43 33 47 56 12 60 
40 0 54 44 17 39 1 53 38 30 52 16 34 23 8 6 42 7 15 60 
40 2 26 7 16 29 13 35 58 33 14 50 31 36 12 28 32 27 20 4 11 48 59 5 60 
40 3 58 56 37 28 11 26 2 22 38 0 15 59 13 8 24 10 36 30 49 18 23 34 54 25 45 6 9 3 21 27 57 60 
41 0 26 51 46 4 47 12 43 31 22 18 33 32 55 19 54 49 35 36 44 17 39 56 2 14 38 1 53 30 34 8 16 40 52 6 7 23 42 15 60 
41 1 51 13 5 20 34 8 4 32 3 58 43 38 27 10 55 60 
41 2 18 0 54 26 57 9 7 30 42 45 13 16 35 29 10 44 53 14 58 33 50 31 40 36 12 28 27 32 20 4 11 59 48 5 60 
42 0 39 44 17 54 53 30 38 1 15 7 34 8 23 40 16 52 6 60 
42 2 0 18 9 7 30 57 54 41 26 44 35 53 13 45 29 16 10 50 36 31 14 33 58 40 27 28 12 32 11 4 20 48 59 5 60 
42 4 9 0 14 16 20 7 46 43 33 47 56 12 60 
43 0 4 31 47 12 22 33 55 18 19 32 35 49 54 36 44 39 17 14 2 53 56 38 1 30 34 8 23 40 16 52 42 7 15 6 60 
43 1 13 51 5 34 4 20 8 3 32 55 41 58 27 38 10 60 
43 4 14 16 9 0 20 46 33 56 47 12 42 7 60 
44 0 43 47 12 22 19 18 33 32 36 17 39 35 54 49 30 38 14 53 56 2 1 7 42 8 15 34 6 23 16 40 52 60 
44 1 25 37 6 22 49 21 52 39 24 23 19 50 15 46 47 11 51 13 48 5 29 8 34 4 20 32 1 3 27 38 55 43 41 10 58 60 
44 2 18 7 9 41 26 35 45 53 13 10 29 16 36 50 14 31 33 58 40 27 28 12 32 11 4 20 59 48 5 60 
45 2 18 41 9 7 26 13 35 44 53 10 29 16 14 50 31 33 36 58 40 28 27 12 32 20 4 11 59 48 5 60 
45 3 36 18 23 25 34 54 9 6 21 27 57 3 60 
45 4 55 53 5 50 24 21 14 9 0 16 20 48 17 46 43 47 56 33 12 7 42 60 
46 0 26 4 43 31 47 12 22 33 55 18 19 32 35 49 54 36 44 39 17 14 53 2 56 38 1 30 34 8 23 42 40 16 52 7 15 6 60 
46 1 23 24 50 47 19 15 13 51 48 29 5 11 34 4 20 8 1 3 32 43 55 27 38 41 58 10 60 
46 4 14 16 9 0 20 43 33 56 47 42 12 7 60 
47 0 4 12 43 22 31 18 33 32 55 19 54 49 35 17 36 44 39 56 2 14 38 1 30 53 16 34 8 6 40 52 7 23 42 15 60 
47 1 24 23 46 50 19 15 48 51 13 29 11 5 20 34 8 32 4 1 3 41 58 43 38 27 10 55 60 
47 4 14 16 9 0 20 56 12 33 46 43 7 42 60 
48 1 23 24 46 50 13 29 51 5 11 34 20 1 4 8 32 3 58 41 43 55 38 27 10 60 
48 2 27 20 59 5 60 
48 4 24 16 14 21 9 0 20 17 33 12 56 47 43 46 7 42 60 
49 0 43 12 47 22 33 18 32 19 54 35 36 44 17 39 2 14 1 56 53 38 30 34 16 40 52 8 23 6 42 7 15 60 
49 1 25 37 6 22 44 52 21 23 24 39 46 47 50 19 15 48 13 29 51 5 11 34 20 1 4 8 32 3 43 58 41 55 27 38 10 60 
49 3 2 26 22 0 59 24 10 36 30 18 23 34 25 54 45 6 9 21 3 27 57 60 
50 1 23 24 46 19 15 47 13 51 48 11 5 29 34 4 20 8 1 32 3 43 55 27 38 41 58 10 60 
50 2 7 26 35 13 29 16 31 33 14 36 58 40 28 27 12 32 4 20 11 48 59 5 60 
50 4 55 53 19 51 5 37 39 24 21 14 45 9 0 16 20 48 17 46 43 33 42 7 47 56 12 60 
51 0 41 26 46 4 47 43 31 12 22 18 33 55 19 32 54 35 36 44 17 49 39 38 14 56 2 30 53 1 8 34 7 6 42 23 16 40 15 52 60 
51 1 24 23 46 50 13 48 11 29 5 8 20 34 4 32 1 3 38 27 43 41 55 10 58 60 
51 4 59 28 25 31 55 53 19 5 1 50 37 24 39 45 21 14 9 0 16 20 48 17 46 47 43 56 33 7 12 42 60 
52 0 54 44 17 39 1 53 38 30 40 16 34 23 8 6 42 7 15 60 
52 1 25 37 6 22 21 23 24 39 46 47 50 19 15 29 48 13 51 5 11 1 34 3 20 4 8 32 58 43 41 55 27 38 10 60 
52 4 59 57 2 3 35 28 1 25 31 51 5 55 53 19 37 50 24 39 16 14 21 45 9 0 48 20 17 33 43 12 46 47 56 42 7 60 
53 0 19 33 32 44 36 39 17 54 30 14 38 2 56 1 42 23 34 7 15 8 40 16 52 6 60 
53 2 18 9 7 41 26 44 35 13 45 29 16 10 31 50 36 33 14 58 40 27 28 12 32 4 11 20 5 48 59 60 
53 4 59 28 55 19 31 5 25 51 1 50 37 39 24 9 0 14 21 45 16 20 17 48 42 46 43 7 33 47 56 12 60 
54 0 47 12 43 22 18 33 32 19 49 35 17 36 44 39 56 2 14 38 1 30 53 16 34 8 6 40 52 7 23 42 15 60 
54 2 18 0 41 26 57 9 7 30 42 45 16 13 35 29 10 44 53 14 58 33 40 50 31 36 12 32 28 27 20 4 11 59 48 5 60 
54 3 36 18 23 45 25 34 6 9 21 57 27 3 60 
55 0 31 43 47 12 22 19 33 18 32 35 44 36 39 49 54 17 53 14 30 38 2 56 1 42 34 7 15 23 8 40 16 52 6 60 
55 1 13 51 5 4 34 20 8 32 3 43 27 38 41 58 10 60 
55 4 59 28 53 31 19 25 51 5 1 50 37 39 24 9 0 21 14 45 16 20 48 17 46 42 43 7 33 47 56 12 60 
56 0 33 32 19 54 17 36 44 39 2 14 38 1 30 53 16 6 34 8 40 52 7 23 42 15 60 
56 3 58 40 28 37 11 2 26 22 38 0 15 59 8 13 24 10 36 30 18 49 23 54 45 25 6 34 9 21 57 27 3 60 
56 4 14 16 9 0 20 47 12 33 46 43 7 42 60 
57 2 0 18 7 30 54 9 41 26 42 10 44 45 13 35 16 29 53 36 14 58 50 31 33 40 32 27 28 12 11 20 4 59 48 5 60 
57 3 18 23 45 34 27 21 3 60 
57 4 59 52 28 2 35 3 51 25 19 31 55 1 53 5 24 39 50 37 0 9 45 21 14 16 17 48 20 7 47 56 12 46 43 42 33 60 
58 1 13 51 5 34 20 4 3 32 8 43 41 55 10 38 27 60 
58 2 26 7 16 29 13 35 40 33 14 50 31 36 12 32 28 27 20 4 11 59 48 5 60 
58 3 40 56 37 28 11 26 2 22 38 0 15 59 13 8 24 10 36 30 49 18 23 54 34 25 45 6 9 21 3 57 27 60 
59 2 27 20 48 5 60 
59 3 37 28 2 26 22 0 13 8 24 10 36 30 49 18 23 54 34 45 25 6 9 21 57 27 3 60 
59 4 52 57 2 35 28 3 25 1 51 31 55 53 5 19 50 37 24 39 16 45 14 21 9 0 48 20 17 33 12 56 47 43 46 7 42 60 
60 0 51 26 41 46 4 31 43 12 47 22 55 19 33 18 32 39 44 36 35 17 49 54 53 30 1 38 14 2 56 7 42 23 15 34 40 52 16 8 6 
60 1 44 37 25 49 6 22 52 21 39 23 24 19 50 15 46 47 11 5 13 29 51 48 1 34 4 3 20 8 32 55 43 27 38 58 10 41 
60 2 0 17 18 9 7 42 30 57 26 54 41 53 44 35 13 29 45 16 10 31 50 36 33 40 14 58 27 28 12 32 11 4 20 5 48 59 
60 3 29 11 37 40 28 58 56 0 15 38 2 26 22 30 36 13 59 8 10 24 23 49 18 9 34 25 45 6 54 3 27 21 57 
60 4 52 57 59 35 3 28 2 55 53 5 19 31 1 25 51 39 37 50 24 9 0 14 21 45 16 17 20 48 7 42 46 43 33 12 56 47 
